{"numerics": {"tolerance_boundary_conditions": 1e-08, "solver_jacobian": "none", "time": {"integrate": [], "control_points": [], "differentiate": []}, "number_control_points": 16, "tag": "numerics", "tolerance_solution": 1e-08, "converged": null, "discretization_method": null, "dimensionless": {"integrate": [], "control_points": [], "differentiate": []}}, "segments": {"climb_1": {"numerics": {"tolerance_boundary_conditions": 1e-08, "solver_jacobian": "none", "time": {"integrate": [[0.0, 0.0, 0.0, 0.0, 0.0, 0.0, 0.0, 0.0, 0.0, 0.0, 0.0, 0.0, 0.0, 0.0, 0.0, 0.0], [0.0, 7.952884696642469, -4.808946674236375, 4.589315966601133, -4.519767784369039, 4.488756130792015, -4.472264948580396, 4.462496294115301, -4.456283637139926, 4.452141696949009, -4.449300207259521, 4.447330092090456, -4.445980554651222, 4.445101624937046, -4.444605101564908, 2.2222222222222117], [0.0, 13.448663570586987, 9.111580845355961, -1.3353968992968746, 0.5951361351352497, -0.32916935907257894, 0.20028320055051785, -0.12761982583749076, 0.08275103556896388, -0.05339724872057063, 0.03351286345330615, -0.019845315121325605, 0.010538661833064159, -0.0045015711009282824, 0.001099496015484975, -1.0697616446247257e-14], [0.0, 12.610454187443462, 20.576539107237494, 18.227407165207865, -6.490591532562283, 5.364675772223384, -4.955796183402802, 4.754683913955608, -4.639741083660407, 4.568079454929287, -4.521050148227556, 4.489411978656287, -4.468182401692329, 4.454545124935986, -4.446906171003453, 2.2222222222222023], [0.0, 12.976306317384845, 18.548890492796325, 35.12638831118347, 17.994457888645634, -2.737003805285721, 1.2413398431111549, -0.6890871245533712, 0.4134239889054546, -0.2542342185256546, 0.15461232660061036, -0.08963941726112899, 0.04693141372737122, -0.019864843146925402, 0.004827236703303565, -1.5303735792238042e-14], [0.0, 12.7769570760873, 19.497871520580652, 31.98928018913044, 39.513173070502404, 25.713071650571525, -7.653442238479317, 5.881804473230231, -5.227766597857309, 4.901352326501842, -4.713515651015646, 4.5972585669921315, -4.523385563348499, 4.477577304787443, -4.452458349906173, 2.222222222222198], [0.0, 12.897280739484797, 18.960274053836287, 33.49215267414414, 35.455614383223406, 50.82495801028043, 23.62445590265844, -3.5365797658649982, 1.558375771232984, -0.8270860451942981, 0.4626680577157234, -0.254795937906869, 0.12912355057165484, -0.053562850160047, 0.01287286224068383, -2.022581780691643e-14], [0.0, 12.82074124469913, 19.291080580290252, 32.63268857844676, 37.40526289644768, 46.09498039237299, 51.142128552771084, 29.305709495666726, -8.086266142774965, 6.001293678571542, -5.2351505128763005, 4.857674226564053, -4.647509636885596, 4.527160198841235, -4.464131591271221, 2.2222222222221983], [0.0, 12.87060093093025, 19.079772088214067, 33.160312621786645, 36.29784200557656, 48.34537362309926, 46.02462387524761, 57.93507130164252, 24.987540107645255, -3.560655443396331, 1.4596871622943821, -0.6941911087515144, 0.3245588508987416, -0.12859273767937504, 0.03017253940432725, -1.305162898330798e-14], [0.0, 12.838040921862788, 19.216050692770914, 32.828123878773866, 36.96586772560304, 47.09199949695168, 48.40855915456905, 52.734873832079, 53.38538492473256, 28.401461651160716, -7.714734900057527, 5.699901848917224, -4.97934968924312, 4.646658233219024, -4.490811399825794, 2.2222222222222077], [0.0, 12.858927689565217, 19.12935498226788, 33.036188548249584, 36.558257665148496, 47.82373876123864, 47.124565227317376, 55.07657175672491, 48.41144513008183, 55.23491534785405, 21.84159590409577, -2.80210128280623, 0.967967240215032, -0.3353836779697356, 0.07395670801613749, -3.4849260071426365e-15], [0.0, 12.846086547400175, 19.182352685757827, 32.910316015618186, 36.80071120495728, 47.40005522806681, 47.83570732790049, 53.879825614406585, 50.53789228342106, 50.784577710708, 45.847226915508536, 23.161058343494965, -6.613585326282423, 5.058041794259032, -4.569836977725821, 2.222222222222206], [0.0, 12.853375510662493, 19.152387162119375, 32.98098538659341, 36.66610425348433, 47.63127325845056, 47.45783809888996, 54.488546242528066, 49.53856568935651, 52.53726929277759, 42.189991782443904, 43.20166332025849, 14.72984026413772, -1.4140512646265753, 0.24045959666002234, -2.0242757038255472e-14], [0.0, 12.849814288087984, 19.166989413711885, 32.946708767512455, 36.730917102817465, 47.521154691214115, 47.63487035809542, 54.21049856774317, 49.976424984705226, 51.82563435326871, 43.43939246929545, 40.560380097005364, 29.848199884198046, 14.4953514416994, -5.042194230927935, 2.2222222222221966], [0.0, 12.851074441223918, 19.161830662118327, 32.958783539552236, 36.70818614005009, 47.559523317482444, 47.573775856870235, 54.305088796007546, 49.83075330919681, 52.05373805795513, 43.06591142387525, 41.23083957206516, 28.36793146274449, 23.97143451684725, 4.898029087461003, -2.2207793587450883e-14], [0.0, 12.850913784103446, 19.162487842610968, 32.95724742934547, 36.71107178769613, 47.55466755466737, 47.58147310937487, 54.29324960331207, 49.84880515886774, 52.0259175538192, 43.11022311022286, 41.15551623214056, 28.512802984901214, 23.60693228705533, 8.406469339659047, 2.222222222222191]], "control_points": [[0.0], [5.463099816548569], [21.613635589349748], [47.74575140626306], [82.71734841028531], [124.99999999999977], [172.74575140626285], [223.8678841830863], [276.1321158169129], [327.25424859373635], [374.9999999999994], [417.2826515897138], [452.2542485937361], [478.3863644106495], [494.53690018345065], [499.9999999999992]], "differentiate": [[-0.300666666666668, 0.3660925238710983, -0.09253417786804513, 0.04188854381999839, -0.024178724758920276, 0.016000000000000028, -0.011577708763999684, 0.00893384063238091, -0.0072429097719516385, 0.006111456180001692, -0.005333333333333343, 0.004792914328886279, -0.0044222912360003435, 0.004180721167635934, -0.0040441876010831376, 0.002000000000000003], [-0.09152313096777458, 0.04525604203375208, 0.06191745054576341, -0.023650361611740923, 0.012944271909999179, -0.00836561763326067, 0.005977906199458444, -0.004578654276738509, 0.003694549212824027, -0.0031076056746744533, 0.002706089701741736, -0.0024282479928267493, 0.002238182208257431, -0.0021145079442397, 0.002044681189730062, -0.0010110469002707844], [0.023133544467011283, -0.06191745054576341, 0.011044182087551058, 0.038267088934022586, -0.016365617633260686, 0.009672455412282474, -0.006616727322281625, 0.004944271909999166, -0.003928987785507391, 0.003271816497716709, -0.002829763965759467, 0.002527364942821502, -0.0023221219035135785, 0.0021892725570120965, -0.0021145079442397, 0.0010451802919089837], [-0.010472135954999597, 0.023650361611740923, -0.038267088934022586, 0.004683281572999786, 0.028594633521740093, -0.012944271909999184, 0.008000000000000012, -0.005677878096486434, 0.004378545114024194, -0.0035777087639996693, 0.0030557280900008464, -0.0027060897017417364, 0.002472135954999583, -0.0023221219035135785, 0.002238182208257431, -0.0011055728090000859], [0.006044681189730069, -0.012944271909999179, 0.016365617633260686, -0.028594633521740093, 0.002423226303754234, 0.02365036161174094, -0.011107605674674467, 0.007084634815765929, -0.005170236034240548, 0.004089362379460124, -0.003421345723261503, 0.002988953099729223, -0.0027060897017417355, 0.0025273649428215013, -0.0024282479928267485, 0.0011982285822215693], [-0.004000000000000007, 0.00836561763326067, -0.009672455412282474, 0.012944271909999184, -0.02365036161174094, 0.0013333333333333502, 0.02094427190999918, -0.010114507944239709, 0.006616727322281625, -0.004944271909999166, 0.004000000000000007, -0.0034213457232615033, 0.003055728090000846, -0.0028297639657594662, 0.0027060897017417355, -0.0013333333333333355], [0.002894427190999921, -0.005977906199458444, 0.006616727322281625, -0.008000000000000012, 0.011107605674674467, -0.02094427190999918, 0.0006832815729997492, 0.019560999232280794, -0.009672455412282474, 0.006472135954999589, -0.004944271909999168, 0.004089362379460126, -0.0035777087639996693, 0.003271816497716708, -0.0031076056746744533, 0.001527864045000423], [-0.0022334601580952275, 0.004578654276738509, -0.004944271909999166, 0.005677878096486434, -0.007084634815765929, 0.010114507944239709, -0.019560999232280794, 0.00021136635755363142, 0.019133544467011303, -0.009672455412282472, 0.006616727322281628, -0.0051702360342405496, 0.004378545114024194, -0.003928987785507389, 0.003694549212824027, -0.0018107274429879096], [0.0018107274429879096, -0.003694549212824027, 0.003928987785507391, -0.004378545114024194, 0.005170236034240548, -0.006616727322281625, 0.009672455412282474, -0.019133544467011303, -0.0002113663575536261, 0.019560999232280784, -0.010114507944239714, 0.007084634815765933, -0.005677878096486433, 0.0049442719099991655, -0.0045786542767385086, 0.002233460158095227], [-0.001527864045000423, 0.0031076056746744533, -0.003271816497716709, 0.0035777087639996693, -0.004089362379460124, 0.004944271909999166, -0.006472135954999589, 0.009672455412282472, -0.019560999232280784, -0.0006832815729997848, 0.020944271909999222, -0.011107605674674479, 0.008000000000000012, -0.006616727322281624, 0.005977906199458444, -0.002894427190999921], [0.0013333333333333357, -0.002706089701741736, 0.002829763965759467, -0.0030557280900008464, 0.003421345723261503, -0.004000000000000007, 0.004944271909999168, -0.006616727322281628, 0.010114507944239714, -0.020944271909999222, -0.0013333333333333413, 0.023650361611740958, -0.01294427190999917, 0.009672455412282465, -0.008365617633260665, 0.004000000000000004], [-0.0011982285822215698, 0.0024282479928267493, -0.002527364942821502, 0.0027060897017417364, -0.002988953099729223, 0.0034213457232615033, -0.004089362379460126, 0.0051702360342405496, -0.007084634815765933, 0.011107605674674479, -0.023650361611740958, -0.0024232263037541595, 0.028594633521740003, -0.016365617633260648, 0.01294427190999916, -0.00604468118973006], [0.0011055728090000859, -0.002238182208257431, 0.0023221219035135785, -0.002472135954999583, 0.0027060897017417355, -0.003055728090000846, 0.0035777087639996693, -0.004378545114024194, 0.005677878096486433, -0.008000000000000012, 0.01294427190999917, -0.028594633521740003, -0.004683281572999818, 0.038267088934022545, -0.023650361611740923, 0.010472135954999597], [-0.0010451802919089835, 0.0021145079442397, -0.0021892725570120965, 0.0023221219035135785, -0.0025273649428215013, 0.0028297639657594662, -0.003271816497716708, 0.003928987785507389, -0.0049442719099991655, 0.006616727322281624, -0.009672455412282465, 0.016365617633260648, -0.038267088934022545, -0.011044182087551153, 0.061917450545763524, -0.02313354446701131], [0.0010110469002707844, -0.002044681189730062, 0.0021145079442397, -0.002238182208257431, 0.0024282479928267485, -0.0027060897017417355, 0.0031076056746744533, -0.003694549212824027, 0.0045786542767385086, -0.005977906199458444, 0.008365617633260665, -0.01294427190999916, 0.023650361611740923, -0.061917450545763524, -0.045256042033752, 0.09152313096777458], [-0.002000000000000003, 0.0040441876010831376, -0.004180721167635935, 0.0044222912360003435, -0.004792914328886277, 0.005333333333333342, -0.006111456180001692, 0.0072429097719516385, -0.008933840632380908, 0.011577708763999684, -0.016000000000000018, 0.02417872475892024, -0.04188854381999839, 0.09253417786804524, -0.3660925238710983, 0.3006666666666679]]}, "number_control_points": 16, "tag": "numerics", "tolerance_solution": 1e-08, "converged": null, "discretization_method": null, "dimensionless": {"integrate": [[0.0, 0.0, 0.0, 0.0, 0.0, 0.0, 0.0, 0.0, 0.0, 0.0, 0.0, 0.0, 0.0, 0.0, 0.0, 0.0], [0.0, 0.015905769393284964, -0.009617893348472765, 0.00917863193320228, -0.009039535568738093, 0.008977512261584044, -0.008944529897160805, 0.008924992588230617, -0.008912567274279866, 0.008904283393898031, -0.008898600414519056, 0.008894660184180926, -0.008891961109302458, 0.008890203249874107, -0.008889210203129829, 0.0044444444444444306], [0.0, 0.026897327141174016, 0.01822316169071195, -0.0026707937985937535, 0.001190272270270501, -0.000658338718145159, 0.0004005664011010363, -0.0002552396516749819, 0.00016550207113792803, -0.00010679449744114144, 6.702572690661242e-05, -3.9690630242651274e-05, 2.107732366612835e-05, -9.00314220185658e-06, 2.1989920309699537e-06, -2.139523289249455e-17], [0.0, 0.025220908374886965, 0.04115307821447505, 0.03645481433041579, -0.012981183065124587, 0.010729351544446784, -0.00991159236680562, 0.009509367827911232, -0.00927948216732083, 0.00913615890985859, -0.009042100296455127, 0.008978823957312589, -0.008936364803384672, 0.008909090249871987, -0.00889381234200692, 0.0044444444444444115], [0.0, 0.02595261263476973, 0.03709778098559271, 0.07025277662236705, 0.035988915777291325, -0.0054740076105714505, 0.0024826796862223136, -0.0013781742491067446, 0.0008268479778109106, -0.00050846843705131, 0.00030922465320122123, -0.00017927883452225826, 9.386282745474259e-05, -3.972968629385087e-05, 9.654473406607145e-06, -3.0607471584476135e-17], [0.0, 0.025553914152174638, 0.038995743041161365, 0.06397856037826098, 0.07902634614100493, 0.05142614330114313, -0.015306884476958658, 0.01176360894646048, -0.010455533195714635, 0.009802704653003699, -0.009427031302031307, 0.009194517133984278, -0.009046771126697013, 0.0089551546095749, -0.008904916699812361, 0.004444444444444403], [0.0, 0.025794561478969635, 0.03792054810767263, 0.06698430534828838, 0.07091122876644693, 0.10164991602056103, 0.04724891180531696, -0.007073159531730008, 0.003116751542465973, -0.0016541720903885987, 0.0009253361154314483, -0.0005095918758137388, 0.0002582471011433101, -0.00010712570032009417, 2.5745724481367698e-05, -4.0451635613832926e-17], [0.0, 0.0256414824893983, 0.038582161160580566, 0.06526537715689362, 0.07481052579289549, 0.09218996078474613, 0.10228425710554233, 0.05861141899133354, -0.016172532285549955, 0.012002587357143102, -0.010470301025752618, 0.009715348453128122, -0.009295019273771207, 0.009054320397682485, -0.008928263182542457, 0.004444444444444404], [0.0, 0.02574120186186054, 0.038159544176428195, 0.06632062524357339, 0.07259568401115324, 0.09669074724619868, 0.09204924775049537, 0.11587014260328524, 0.04997508021529059, -0.007121310886792673, 0.002919374324588769, -0.0013883822175030308, 0.0006491177017974842, -0.0002571854753587505, 6.0345078808654595e-05, -2.6103257966616002e-17], [0.0, 0.025676081843725617, 0.038432101385541886, 0.06565624775754783, 0.0739317354512062, 0.0941839989939035, 0.09681711830913825, 0.10546974766415818, 0.10677076984946529, 0.05680292330232152, -0.01542946980011508, 0.011399803697834467, -0.009958699378486256, 0.009293316466438063, -0.008981622799651602, 0.004444444444444423], [0.0, 0.025717855379130475, 0.03825870996453582, 0.06607237709649927, 0.0731165153302971, 0.09564747752247743, 0.0942491304546349, 0.11015314351345, 0.09682289026016382, 0.11046983069570827, 0.04368319180819161, -0.005604202565612469, 0.001935934480430067, -0.0006707673559394723, 0.0001479134160322752, -6.969852014285284e-18], [0.0, 0.025692173094800392, 0.03836470537151571, 0.06582063203123648, 0.07360142240991469, 0.09480011045613378, 0.09567141465580113, 0.10775965122881334, 0.10107578456684228, 0.10156915542141616, 0.09169445383101722, 0.04632211668699, -0.013227170652564867, 0.010116083588518081, -0.009139673955451656, 0.004444444444444418], [0.0, 0.02570675102132503, 0.03830477432423881, 0.06596197077318693, 0.07333220850696877, 0.09526254651690128, 0.09491567619778006, 0.10897709248505631, 0.09907713137871317, 0.10507453858555534, 0.08437998356488795, 0.08640332664051711, 0.029459680528275488, -0.002828102529253155, 0.0004809191933200454, -4.048551407651101e-17], [0.0, 0.02569962857617601, 0.03833397882742383, 0.06589341753502502, 0.07346183420563504, 0.09504230938242839, 0.09526974071619099, 0.10842099713548652, 0.0999528499694106, 0.10365126870653758, 0.08687878493859104, 0.08112076019401086, 0.059696399768396184, 0.028990702883398847, -0.010084388461855887, 0.0044444444444444], [0.0, 0.025702148882447876, 0.038323661324236716, 0.06591756707910458, 0.0734163722801003, 0.09511904663496504, 0.09514755171374062, 0.10861017759201526, 0.09966150661839378, 0.10410747611591042, 0.08613182284775063, 0.08246167914413044, 0.05673586292548907, 0.047942869033694574, 0.009796058174922021, -4.441558717490184e-17], [0.0, 0.025701827568206933, 0.038324975685221994, 0.06591449485869105, 0.07342214357539237, 0.09510933510933489, 0.09516294621874989, 0.10858649920662432, 0.09969761031773564, 0.10405183510763856, 0.08622044622044586, 0.08231103246428126, 0.057025605969802516, 0.04721386457411073, 0.016812938679318122, 0.004444444444444389]], "control_points": [[0.0], [0.010926199633097156], [0.04322727117869957], [0.09549150281252627], [0.16543469682057088], [0.24999999999999994], [0.3454915028125263], [0.4477357683661733], [0.5522642316338267], [0.6545084971874737], [0.7499999999999999], [0.8345653031794289], [0.9045084971874737], [0.9567727288213005], [0.9890738003669028], [1.0]], "differentiate": [[-150.33333333333377, 183.04626193554887, -46.26708893402249, 20.944271909999163, -12.089362379460118, 8.000000000000002, -5.788854381999832, 4.466920316190448, -3.6214548859758136, 3.0557280900008412, -2.666666666666667, 2.396457164443136, -2.211145618000168, 2.0903605838179637, -2.0220938005415654, 1.0], [-45.76156548388722, 22.628021016876005, 30.958725272881658, -11.825180805870444, 6.472135954999579, -4.182808816630328, 2.9889530997292173, -2.2893271383692513, 1.8472746064120107, -1.5538028373372241, 1.353044850870866, -1.2141239964133728, 1.1190911041287137, -1.0572539721198484, 1.0223405948650293, -0.5055234501353914], [11.566772233505622, -30.958725272881658, 5.522091043775521, 19.133544467011262, -8.18280881663033, 4.836227706141229, -3.3083636611408074, 2.472135954999579, -1.9644938927536926, 1.6359082488583518, -1.4148819828797312, 1.263682471410749, -1.1610609517567874, 1.0946362785060466, -1.0572539721198484, 0.522590145954491], [-5.236067977499791, 11.825180805870444, -19.133544467011262, 2.341640786499889, 14.297316760870023, -6.472135954999581, 4.0, -2.8389390482432124, 2.1892725570120937, -1.7888543819998317, 1.5278640450004208, -1.3530448508708661, 1.2360679774997896, -1.1610609517567874, 1.1190911041287137, -0.552786404500042], [3.0223405948650295, -6.472135954999579, 8.18280881663033, -14.297316760870023, 1.2116131518771152, 11.82518080587045, -5.553802837337225, 3.5423174078829587, -2.5851180171202697, 2.0446811897300585, -1.7106728616307487, 1.494476549864609, -1.3530448508708657, 1.2636824714107486, -1.2141239964133723, 0.5991142911107837], [-2.0000000000000004, 4.182808816630328, -4.836227706141229, 6.472135954999581, -11.82518080587045, 0.6666666666666741, 10.472135954999574, -5.057253972119846, 3.3083636611408074, -2.472135954999579, 2.0000000000000004, -1.710672861630749, 1.5278640450004206, -1.4148819828797308, 1.3530448508708657, -0.6666666666666666], [1.447213595499958, -2.9889530997292173, 3.3083636611408074, -4.0, 5.553802837337225, -10.472135954999574, 0.34164078649987406, 9.780499616140382, -4.836227706141229, 3.2360679774997894, -2.47213595499958, 2.0446811897300594, -1.7888543819998317, 1.6359082488583514, -1.5538028373372241, 0.7639320225002103], [-1.116730079047612, 2.2893271383692513, -2.472135954999579, 2.8389390482432124, -3.5423174078829587, 5.057253972119846, -9.780499616140382, 0.10568317877681555, 9.566772233505636, -4.836227706141228, 3.3083636611408087, -2.5851180171202706, 2.1892725570120937, -1.9644938927536917, 1.8472746064120107, -0.9053637214939534], [0.9053637214939534, -1.8472746064120107, 1.9644938927536926, -2.1892725570120937, 2.5851180171202697, -3.3083636611408074, 4.836227706141229, -9.566772233505636, -0.10568317877681288, 9.780499616140377, -5.057253972119849, 3.542317407882961, -2.838939048243212, 2.4721359549995787, -2.289327138369251, 1.1167300790476118], [-0.7639320225002103, 1.5538028373372241, -1.6359082488583518, 1.7888543819998317, -2.0446811897300585, 2.472135954999579, -3.2360679774997894, 4.836227706141228, -9.780499616140377, -0.3416407864998918, 10.472135954999594, -5.553802837337231, 4.0, -3.308363661140807, 2.9889530997292173, -1.447213595499958], [0.6666666666666667, -1.353044850870866, 1.4148819828797312, -1.5278640450004208, 1.7106728616307487, -2.0000000000000004, 2.47213595499958, -3.3083636611408087, 5.057253972119849, -10.472135954999594, -0.6666666666666696, 11.82518080587046, -6.472135954999574, 4.836227706141225, -4.182808816630326, 1.9999999999999991], [-0.599114291110784, 1.2141239964133728, -1.263682471410749, 1.3530448508708661, -1.494476549864609, 1.710672861630749, -2.0446811897300594, 2.5851180171202706, -3.542317407882961, 5.553802837337231, -11.82518080587046, -1.2116131518770779, 14.297316760869979, -8.182808816630311, 6.47213595499957, -3.0223405948650255], [0.552786404500042, -1.1190911041287137, 1.1610609517567874, -1.2360679774997896, 1.3530448508708657, -1.5278640450004206, 1.7888543819998317, -2.1892725570120937, 2.838939048243212, -4.0, 6.472135954999574, -14.297316760869979, -2.341640786499905, 19.13354446701124, -11.825180805870444, 5.236067977499791], [-0.5225901459544909, 1.0572539721198484, -1.0946362785060466, 1.1610609517567874, -1.2636824714107486, 1.4148819828797308, -1.6359082488583514, 1.9644938927536917, -2.4721359549995787, 3.308363661140807, -4.836227706141225, 8.182808816630311, -19.13354446701124, -5.522091043775568, 30.95872527288171, -11.566772233505636], [0.5055234501353914, -1.0223405948650293, 1.0572539721198484, -1.1190911041287137, 1.2141239964133723, -1.3530448508708657, 1.5538028373372241, -1.8472746064120107, 2.289327138369251, -2.9889530997292173, 4.182808816630326, -6.47213595499957, 11.825180805870444, -30.95872527288171, -22.628021016875962, 45.76156548388722], [-1.0, 2.0220938005415654, -2.090360583817964, 2.211145618000168, -2.396457164443135, 2.6666666666666665, -3.0557280900008412, 3.6214548859758136, -4.466920316190447, 5.788854381999832, -7.9999999999999964, 12.089362379460102, -20.944271909999163, 46.267088934022546, -183.04626193554887, 150.3333333333337]]}}, "unknowns": {"tag": "unknowns", "throttle": [[0.5068589380822095], [0.5083156749827111], [0.5126791291768488], [0.5199221222789315], [0.5299773044415428], [0.5427072645412824], [0.5578685135734152], [0.5750745775941357], [0.5937649992407402], [0.6131888772849999], [0.6324127765826897], [0.6503618885294228], [0.6658987491066012], [0.6779352589067474], [0.6855628573621819], [0.6881762688137669]], "body_angle": [[0.09668494801618854], [0.09692628593233144], [0.09764497774596813], [0.09882459457635523], [0.10043628451087495], [0.10243682918911651], [0.10476646498789789], [0.10734703334150075], [0.11008117355046114], [0.11285334136149991], [0.11553335673046815], [0.11798289246266838], [0.120064796227816], [0.12165445910622426], [0.12265176666251416], [0.12299171690880042]]}, "conditions": {"freestream": {"stagnation_temperature": [[295.9260686541241], [295.71300885746484], [295.0831540236811], [294.0640680748647], [292.7003433517394], [291.0516424760725], [289.19008020241426], [287.1970615204027], [285.15971595118833], [283.1670852441939], [281.3062318361741], [279.6584381474709], [278.29566207177453], [277.27740220109064], [276.64810803971864], [276.4352465643846]], "reynolds_number": [[8557431.972459458], [8535440.315262513], [8470668.750279741], [8366630.308626608], [8228869.088803305], [8064536.8616100075], [7881878.0073576], [7689682.971598328], [7496767.27381122], [7311521.38239775], [7141559.623252226], [6993477.502829849], [6872709.908229901], [6783470.152708086], [6728743.068610967], [6710304.423083073]], "temperature": [[288.15], [287.93694020334067], [287.307085369557], [286.2879994207405], [284.92427469761526], [283.2755738219484], [281.41401154829015], [279.4209928662786], [277.3836472970642], [275.3910165900698], [273.53016318204993], [271.8823694933468], [270.51959341765036], [269.50133354696646], [268.8720393855945], [268.65917791026044]], "mach_number": [[0.36732943714524596], [0.36746531526967807], [0.3678678864305762], [0.36852204582359716], [0.3694029162058461], [0.37047634323482026], [0.3716996796253695], [0.37302293044699747], [0.37439032582495874], [0.37574236163706926], [0.3770183019016514], [0.3781590708367673], [0.3791103859109277], [0.3798259091638278], [0.3802701400575595], [0.38042075623350946]], "density": [[1.2250000002007604], [1.2211497803191826], [1.209821744887532], [1.191663791571238], [1.167692144531067], [1.1392057413736987], [1.1076838728330025], [1.0746802560232975], [1.0417255845272482], [1.0102475564148967], [0.9815132815519447], [0.9565947503590573], [0.9363544977839529], [0.9214462122373527], [0.912323982570634], [0.9092540409740743]], "speed_of_sound": [[340.77798740529], [340.6519774885652], [340.279189683219], [339.67516387064273], [338.8651816579619], [337.8833455655576], [336.7713053485537], [335.5766524998154], [334.3510172952495], [333.14792018575884], [332.02045013116793], [331.0188647018016], [330.18822737946704], [329.56621253312863], [329.1812138763443], [329.0508844586766]], "altitude": [[0.0], [32.77859889929147], [129.6818135360987], [286.47450843757883], [496.30409046171263], [749.9999999999999], [1036.4745084375788], [1343.2073050985198], [1656.79269490148], [1963.5254915624212], [2249.9999999999995], [2503.6959095382867], [2713.5254915624214], [2870.3181864639014], [2967.2214011007086], [3000.0]], "dynamic_pressure": [[9570.31250156844], [9540.232658743615], [9451.732381933843], [9309.873371650297], [9122.59487914896], [8900.044854482021], [8653.780256507833], [8395.939500182012], [8138.481129119126], [7892.559034491381], [7668.072512124568], [7473.396487180135], [7315.269513937132], [7198.798533104317], [7127.531113833078], [7103.547195109955]], "gravity": [[9.80665], [9.80665], [9.80665], [9.80665], [9.80665], [9.80665], [9.80665], [9.80665], [9.80665], [9.80665], [9.80665], [9.80665], [9.80665], [9.80665], [9.80665], [9.80665]], "universal_gas_constant": 287.87, "pressure": [[101325.0], [100931.84699184986], [99776.81169285787], [97930.68381545994], [95503.59276886398], [92634.59193418456], [89479.47957332886], [86198.59783119273], [82946.12169226634], [79861.87044540115], [77066.08639649136], [74657.06958380222], [72711.13546932633], [71284.12242012411], [70413.61356236027], [70121.11626696083]], "specific_heat_at_constant_pressure": 1007.5450000000002, "velocity": [[125.0], [125.0], [125.0], [125.0], [125.0], [125.0], [125.0], [125.0], [125.0], [125.0], [125.0], [125.0], [125.0], [125.0], [125.0], [125.0]], "dynamic_viscosity": [[1.789380278077583e-05], [1.788352058029746e-05], [1.785310257893714e-05], [1.7803819273909854e-05], [1.7737737287009148e-05], [1.7657643596322206e-05], [1.756694076904956e-05], [1.746951499809233e-05], [1.7369579888226507e-05], [1.727150040973406e-05], [1.7179603149223745e-05], [1.7097980760858593e-05], [1.703030009790409e-05], [1.6979624578091023e-05], [1.6948261608222015e-05], [1.69376451433092e-05]], "isentropic_expansion_factor": 1.4, "stagnation_pressure": [[111222.51592474313], [110798.49925269737], [109552.65412628559], [107560.95447360595], [104941.66281201696], [101844.23152003746], [98436.30669794037], [94890.68098147109], [91373.80312108384], [88036.94872653933], [85010.53621171639], [82401.4824342801], [80293.04246826126], [78746.31873576452], [77802.55398735584], [77485.40252527231]]}, "energies": {"propulsion_power": [[0.0], [0.0], [0.0], [0.0], [0.0], [0.0], [0.0], [0.0], [0.0], [0.0], [0.0], [0.0], [0.0], [0.0], [0.0], [0.0]], "total_efficiency": [[0.0], [0.0], [0.0], [0.0], [0.0], [0.0], [0.0], [0.0], [0.0], [0.0], [0.0], [0.0], [0.0], [0.0], [0.0], [0.0]], "gravity_energy": [[0.0], [0.0], [0.0], [0.0], [0.0], [0.0], [0.0], [0.0], [0.0], [0.0], [0.0], [0.0], [0.0], [0.0], [0.0], [0.0]], "total_energy": [[0.0], [0.0], [0.0], [0.0], [0.0], [0.0], [0.0], [0.0], [0.0], [0.0], [0.0], [0.0], [0.0], [0.0], [0.0], [0.0]]}, "aerodynamics": {"drag_coefficient": [[0.035823709863097436], [0.03593726564586811], [0.03627736673213036], [0.03684188653288237], [0.03762586448603089], [0.03861943386832164], [0.03980508720005667], [0.041154578006898625], [0.04262599178404913], [0.04416177881173943], [0.045688724967282365], [0.04712079686824127], [0.04836539628313924], [0.04933275983356772], [0.049947201040223224], [0.05015797571388479]], "angle_of_attack": [[0.04866649687964138], [0.04890783479578426], [0.04962652660942096], [0.050806143439808056], [0.05241783337432778], [0.05441837805256933], [0.056748013851350726], [0.059328582204953594], [0.06206272241391396], [0.06483489022495274], [0.06751490559392098], [0.06996444132612122], [0.07204634509126884], [0.07363600796967709], [0.07463331552596698], [0.07497326577225324]], "roll_angle": [[0.0], [0.0], [0.0], [0.0], [0.0], [0.0], [0.0], [0.0], [0.0], [0.0], [0.0], [0.0], [0.0], [0.0], [0.0], [0.0]], "lift_coefficient": [[0.6444443453038308], [0.646411861104915], [0.652271888422759], [0.661892978093074], [0.6750436781989184], [0.6913761115683147], [0.7104074115911585], [0.7315036701290293], [0.7538723272574445], [0.776569576075755], [0.7985287614403875], [0.8186133754131926], [0.8356939327828135], [0.8487422884089938], [0.8569311964502376], [0.8597230160047511]], "drag_breakdown": {"total": [[0.035823709863097436], [0.03593726564586811], [0.03627736673213036], [0.03684188653288237], [0.03762586448603089], [0.03861943386832164], [0.03980508720005667], [0.041154578006898625], [0.04262599178404913], [0.04416177881173943], [0.045688724967282365], [0.04712079686824127], [0.04836539628313924], [0.04933275983356772], [0.049947201040223224], [0.05015797571388479]], "spoiler_drag": 0.0, "compressible": {"horizontal_stabilizer": {"crest_critical": 0.9452041041930966, "compressibility_drag": [[3.1401390991438617e-10], [3.157188513652856e-10], [3.2082091070219616e-10], [3.2927564516607503e-10], [3.4098876804720083e-10], [3.5578702146965803e-10], [3.733805585533443e-10], [3.9332158699627346e-10], [4.1496706442405215e-10], [4.374563623718545e-10], [4.5971669566486477e-10], [4.805079463281186e-10], [4.985127255446811e-10], [5.124668990754881e-10], [5.213125206456184e-10], [5.243437715327957e-10]], "divergence_mach": 0.9742388533330034, "wing_sweep": 0.5235987755982988, "thickness_to_chord": 0.09237604307034011}, "total": [[5.563841983475068e-08], [5.6277541311445986e-08], [5.821461933564495e-08], [6.150551055529624e-08], [6.623155558346895e-08], [7.247937700892232e-08], [8.030849144275574e-08], [8.97054156387866e-08], [1.0052703829413348e-07], [1.1244309612021405e-07], [1.2489580962799632e-07], [1.3709956140399125e-07], [1.480992620658822e-07], [1.568902112721644e-07], [1.6257944339812603e-07], [1.6454943270913294e-07]], "main_wing": {"crest_critical": [[0.7352816300567633], [0.734974748136546], [0.7340657844869872], [0.732589831250087], [0.7306053770809282], [0.7281938108542134], [0.7254578400422667], [0.7225182083962834], [0.7195083171871378], [0.716566825519368], [0.7138289469492997], [0.7114177594771405], [0.709437102687427], [0.7079673013368237], [0.707064027866381], [0.7067594527166897]], "compressibility_drag": [[5.467803177071737e-08], [5.531193881146693e-08], [5.7233412568675004e-08], [6.04984456151457e-08], [6.51886669327998e-08], [7.139122900665521e-08], [7.916653492282167e-08], [8.850247097438989e-08], [9.925789255549898e-08], [1.1110516854537539e-07], [1.2348980048823005e-07], [1.3562996377867427e-07], [1.4657459816958423e-07], [1.5532286957950357e-07], [1.6098504803329755e-07], [1.6294576649011863e-07]], "divergence_mach": [[0.755498475703604], [0.7551831559492844], [0.7542492000014681], [0.7527326648738303], [0.7506936473890776], [0.7482157742397094], [0.7454045768787257], [0.7423841189522862], [0.7392914696495045], [0.736269100559278], [0.7334559429856439], [0.7309784590048306], [0.728943343309903], [0.7274331292169953], [0.7265050199019152], [0.726192070343647]], "wing_sweep": 0.4363323129985824, "thickness_to_chord": 0.11033779189624919}, "vertical_stabilizer": {"crest_critical": 0.9081478860594208, "compressibility_drag": [[6.46374154118926e-10], [6.498836486137638e-10], [6.60385856267748e-10], [6.777892949844593e-10], [7.018998826219396e-10], [7.323609807974499e-10], [7.685759613807269e-10], [8.096230774004386e-10], [8.541786742104517e-10], [9.004712124668063e-10], [9.462924441014096e-10], [9.890896789888705e-10], [1.0261511707532833e-09], [1.0548747935853518e-09], [1.0730828441828814e-09], [1.0793224474815255e-09]], "divergence_mach": 0.9331177545920408, "wing_sweep": 0.4363323129985824, "thickness_to_chord": 0.08827023351699935}}, "miscellaneous": {"total": [[0.0011606101613168233], [0.0011606101613168233], [0.0011606101613168233], [0.0011606101613168233], [0.0011606101613168233], [0.0011606101613168233], [0.0011606101613168233], [0.0011606101613168233], [0.0011606101613168233], [0.0011606101613168233], [0.0011606101613168233], [0.0011606101613168233], [0.0011606101613168233], [0.0011606101613168233], [0.0011606101613168233], [0.0011606101613168233]], "trim_correction_factor": 1.02, "total_wetted_area": 951.2699455285839, "reference_area": 124.862}, "trim_corrected_drag": [[0.035823709863097436], [0.03593726564586811], [0.03627736673213036], [0.03684188653288237], [0.03762586448603089], [0.03861943386832164], [0.03980508720005667], [0.041154578006898625], [0.04262599178404913], [0.04416177881173943], [0.045688724967282365], [0.04712079686824127], [0.04836539628313924], [0.04933275983356772], [0.049947201040223224], [0.05015797571388479]], "parasite": {"vertical_stabilizer": {"wetted_area": 64.976, "skin_friction_coefficient": [[0.0021971529590275856], [0.0021979276861183177], [0.0022002232558347404], [0.0022039542689808326], [0.002208979934641807], [0.0022151066829754814], [0.002222092380861435], [0.0022296526011404876], [0.0022374693676815234], [0.0022452026524189764], [0.0022525046253712307], [0.0022590362670432723], [0.002264485490509456], [0.002268585469252533], [0.002271131532522238], [0.0022719948780126464]], "compressibility_factor": [[0.9847069609212264], [0.9846958179755129], [0.9846627816470471], [0.9846090267439327], [0.9845365005030968], [0.984447900596847], [0.9843466333657082], [0.9842367429871532], [0.9841228022313492], [0.9840097575044978], [0.9839027253787109], [0.983806744673234], [0.9837264966565721], [0.9836660146160855], [0.9836284108547193], [0.9836156520011085]], "reference_area": 32.488, "form_factor": [[1.171577491657943], [1.1715862471941834], [1.171612214134115], [1.1716544940879006], [1.1717115932838094], [1.1717814329724376], [1.1718613736771504], [1.171948261717337], [1.1720385068023311], [1.172128198071831], [1.1722132623411283], [1.1722896624429098], [1.1723536259812624], [1.1724018867955037], [1.1724319148561952], [1.1724421072457194]], "reynolds_factor": [[0.9936295400325281], [0.9936254276059221], [0.99361323773077], [0.9935934111459911], [0.9935666769218817], [0.9935340422628759], [0.9934967745687074], [0.9934563726978779], [0.9934145244215797], [0.9933730478232291], [0.9933338159892705], [0.9932986667062592], [0.9932693017670486], [0.9932471833941776], [0.9932334375297559], [0.9932287746178903]], "parasite_drag_coefficient": [[0.0013395347878085656], [0.0013400171287144677], [0.00134144640659845], [0.0013437696457756407], [0.0013468994731884204], [0.0013507156901575595], [0.0013550678294459541], [0.001359778987677158], [0.0013646512075748463], [0.0013694725944277998], [0.0013740261786478647], [0.001378100288432739], [0.001381499901964793], [0.001384058158926066], [0.0013856469944542702], [0.0013861857833349022]]}, "total": [[0.016869504504822715], [0.01687538090379658], [0.01689279312833644], [0.016921093557991415], [0.016959214492902875], [0.017005687938829037], [0.017058677536748706], [0.017116026059039745], [0.017175321682157924], [0.017233985141968184], [0.017289377793781747], [0.017338927627941914], [0.017380266780754005], [0.017411370647281595], [0.017430686153831382], [0.017437235888151874]], "main_wing": {"wetted_area": 249.724, "skin_friction_coefficient": [[0.0024103255593154074], [0.0024112078797027536], [0.0024138223585583396], [0.0024180720258345435], [0.00242379695857097], [0.0024307771725165365], [0.002438737321327658], [0.0024473537317177777], [0.0024562642731036114], [0.002465081394325076], [0.0024734083438803303], [0.002480858137530699], [0.0024870743007643606], [0.002491751887740021], [0.0024946568865112186], [0.0024956419860135744]], "compressibility_factor": [[0.9847069609212264], [0.9846958179755129], [0.9846627816470471], [0.9846090267439327], [0.9845365005030968], [0.984447900596847], [0.9843466333657082], [0.9842367429871532], [0.9841228022313492], [0.9840097575044978], [0.9839027253787109], [0.983806744673234], [0.9837264966565721], [0.9836660146160855], [0.9836284108547193], [0.9836156520011085]], "reference_area": 124.862, "form_factor": [[1.2201802844283178], [1.220191755397712], [1.2202257758134507], [1.2202811689861346], [1.2203559783464863], [1.2204474809862405], [1.2205522193168488], [1.2206660619005258], [1.2207843049990257], [1.2209018245253567], [1.2210132833434268], [1.2211133911686733], [1.2211972043851105], [1.2212604425733138], [1.221299789912534], [1.22131314558617]], "reynolds_factor": [[0.9936295400325281], [0.9936254276059222], [0.99361323773077], [0.9935934111459911], [0.9935666769218817], [0.993534042262876], [0.9934967745687074], [0.9934563726978779], [0.9934145244215797], [0.9933730478232291], [0.9933338159892705], [0.9932986667062592], [0.9932693017670486], [0.9932471833941776], [0.9932334375297559], [0.9932287746178903]], "parasite_drag_coefficient": [[0.005882063453060636], [0.005884271950726596], [0.005890816520295407], [0.005901455516756095], [0.005915790217380229], [0.005933271754073326], [0.0059532124997546], [0.005974803283546991], [0.005997137747069459], [0.006019244743869992], [0.0060401288860207], [0.006058818186657021], [0.006074416366382981], [0.0060861560264085365], [0.006093447862800015], [0.006095920728390311]]}, "horizontal_stabilizer": {"wetted_area": 64.976, "skin_friction_coefficient": [[0.0021971529590275856], [0.0021979276861183177], [0.0022002232558347404], [0.0022039542689808326], [0.002208979934641807], [0.0022151066829754814], [0.002222092380861435], [0.0022296526011404876], [0.0022374693676815234], [0.0022452026524189764], [0.0022525046253712307], [0.0022590362670432723], [0.002264485490509456], [0.002268585469252533], [0.002271131532522238], [0.0022719948780126464]], "compressibility_factor": [[0.9847069609212264], [0.9846958179755129], [0.9846627816470471], [0.9846090267439327], [0.9845365005030968], [0.984447900596847], [0.9843466333657082], [0.9842367429871532], [0.9841228022313492], [0.9840097575044978], [0.9839027253787109], [0.983806744673234], [0.9837264966565721], [0.9836660146160855], [0.9836284108547193], [0.9836156520011085]], "reference_area": 32.488, "form_factor": [[1.1545800281356258], [1.154587107176226], [1.154608101396083], [1.154642282692931], [1.1546884407700768], [1.154744892026829], [1.1548094997647385], [1.1548797124459886], [1.1549526270163013], [1.155025083139664], [1.1550937912707495], [1.155155492779177], [1.1552071442771294], [1.1552461119058468], [1.1552703561102677], [1.155278585012995]], "reynolds_factor": [[0.9936295400325281], [0.9936254276059221], [0.99361323773077], [0.9935934111459911], [0.9935666769218817], [0.9935340422628759], [0.9934967745687074], [0.9934563726978779], [0.9934145244215797], [0.9933730478232291], [0.9933338159892705], [0.9932986667062592], [0.9932693017670486], [0.9932471833941776], [0.9932334375297559], [0.9932287746178903]], "parasite_drag_coefficient": [[0.0013201005686853987], [0.0013205741394748517], [0.0013219774170687652], [0.0013242583535001179], [0.001327331112438064], [0.0013310776224140961], [0.001335350099781418], [0.001339974824466658], [0.0013447574358709643], [0.001349489927670459], [0.0013539593510739074], [0.001357957993476013], [0.001361294511485044], [0.0013638052145422686], [0.0013653644842333147], [0.001365893241499428]]}, "pylon": {"wetted_area": 7.67