{"unknowns": {"tag": "unknowns", "climb": {"tag": "unknowns", "body_angle": [[0.1369946046182186], [-0.06935195649078378], [0.2686583725836718], [-0.10769005451700854], [0.3433519933404707], [-0.16431055667657954], [0.41553058371728036], [0.3255780383784229], [0.41256575881657], [0.3430960914630771], [-0.1891968383908095], [0.41959712277743616], [0.3540904786627898], [0.37767656048525966], [0.36513312021325917], [0.35996317945552675], [0.3635532747706032], [0.3493395758609057], [0.35892500131826605], [0.3457167161626551], [0.3560484726083129], [0.3449337846420245], [0.3545107157032481], [0.3449716499009113], [0.35360542528767513], [0.3451471447382373], [0.3529796163165412], [0.34528387644164316], [0.3524872910462973], [0.3453537521276937], [0.3520729701853115], [0.3453660061536716], [0.3517126716934423], [0.34533168226295763], [0.3513931745957352], [0.3452627782026561], [0.3511065843634365], [0.34516937580133955], [0.3508492656828659], [0.34505916581841933], [0.35061450336348066], [0.3449372220674313], [0.35040143323150125], [0.3448109679668351], [0.3502060804779727], [0.34468565302711446], [0.3500235160314904], [0.3445660903570827], [0.3498552502365318], [0.34445998997991334], [0.34969109200335485], [0.34437334416800564], [0.3495259290604014], [0.3443223345819966], [0.34934570154310934], [0.3443256817209177], [0.34912497083479477], [0.3444360982536456], [0.34879830672220447], [0.34478293088566075], [0.34817452318106273], [0.3459082174518114], [0.3462652680786696], [0.3541438157615671], [-0.07767407836233961], [0.4002483946404859], [-0.11545257959290722], [0.41124569328933824], [-0.05865512918455037]], "wind_angle": [[-0.06480328306716339], [-0.26679721046733046], [0.07895668518731876], [-0.28155392628096704], [0.1873854032416332], [-0.3020870229137758], [0.31184408671752467], [0.1886136014246641], [0.287400507941551], [0.176271388075929], [-0.27982813138858703], [0.3514922042722757], [0.24869664098694538], [0.2527211393276383], [0.22203770994273217], [0.2024534793078114], [0.1994063550918806], [0.17570024694082012], [0.18619728800736898], [0.16582422458563587], [0.18073892864704147], [0.1631016889769124], [0.17891501301928678], [0.16280148351384013], [0.17847894862936015], [0.16318830074376542], [0.17854497345778203], [0.16372581647912557], [0.1788057245561645], [0.16427046744458307], [0.17916140526713795], [0.16479140865155104], [0.17957477883728296], [0.1652823687852743], [0.18002781960017622], [0.16574509575823715], [0.18050850625796944], [0.16618158738864655], [0.18100834491838708], [0.16659188571557668], [0.18151616845676777], [0.16697582322115198], [0.18202679832523375], [0.1673343991796464], [0.18253125107651327], [0.16766746138146185], [0.18302056091328583], [0.16797543391931954], [0.1834922290343393], [0.16825904248456092], [0.18393314389542428], [0.1685193395759419], [0.18433792923108278], [0.16876381795083412], [0.18469424309163585], [0.16899844251559995], [0.1849874486240646], [0.16925019415735107], [0.18518145210287923], [0.1695863587371022], [0.18518123953778742], [0.1703340385001582], [0.18444895590553698], [0.17629794891585118], [-0.22356877412790754], [0.2602522199636762], [-0.24393253425052897], [0.28800494348616484], [-0.181468179598968]]}}, "conditions": {"climb": {"tag": "aerodynamic_conditions", "frames": {"inertial": {"position_vector": [[0.0, 0.0, -10.668000000000001], [1.4294303332078466, 0.0, -11.331091417599557], [5.963074098941535, 0.0, -11.841797770886519], [13.360421283260532, 0.0, -13.588446022273175], [23.878531258509433, 0.0, -14.931092856314889], [37.24836482492279, 0.0, -17.342533175532964], [53.74643220142911, 0.0, -18.861919878242652], [73.00471662118103, 0.0, -21.594000187184413], [95.2333139624337, 0.0, -24.125053361259805], [120.07908292904061, 0.0, -28.180218261065228], [147.82783628601254, 0.0, -31.66086784950795], [178.4089175255241, 0.0, -34.03830570294995], [211.66647213833107, 0.0, -36.683685248307484], [247.30959753981796, 0.0, -41.131763077419755], [285.4541385559022, 0.0, -45.97265396335117], [325.80200220599806, 0.0, -52.4326905413747], [368.504471393674, 0.0, -59.03675386033084], [413.25046003687146, 0.0, -67.02057126988186], [460.19746405901486, 0.0, -74.8996395751172], [509.0200187476411, 0.0, -83.94275462327909], [559.8579799437656, 0.0, -92.73566097700497], [612.3775277054923, 0.0, -102.54788013980921], [666.6977607527673, 0.0, -112.036340956281], [722.4825831492464, 0.0, -122.44310062236977], [779.8324040986756, 0.0, -132.4863435183752], [838.4127593104788, 0.0, -143.36461025418944], [898.3072746319518, 0.0, -153.85263591502547], [959.1856126194517, 0.0, -165.0971041040164], [1021.1158174652448, 0.0, -175.92932531620377], [1083.773598860869, 0.0, -187.43916735814759], [1147.2122452551653, 0.0, -198.51685255586736], [1211.1152266541799, 0.0, -210.1918476990761], [1275.5217995117866, 0.0, -221.41635390064846], [1340.124837546375, 0.0, -233.15639350429802], [1404.950313339164, 0.0, -244.42921296658653], [1469.702087932357, 0.0, -256.1347635656797], [1534.3936544198502, 0.0, -267.3581825102724], [1598.7413845897136, 0.0, -278.9310810443793], [1662.74716840789, 0.0, -290.0089638055473], [1726.1413286855384, 0.0, -301.353269209366], [1788.915116562543, 0.0, -312.1918151174792], [1850.814151869247, 0.0, -323.2144928408694], [1911.8200826949871, 0.0, -333.7228652567559], [1971.6950341248184, 0.0, -344.33456172752074], [2030.4121781168672, 0.0, -354.4256263696758], [2087.751217280475, 0.0, -364.54132315016494], [2143.6780565014114, 0.0, -374.13218885062986], [2197.9908835004235, 0.0, -383.6717587731531], [2250.649625868511, 0.0, -392.6842853798759], [2301.4716620268905, 0.0, -401.5731263012883], [2350.412336848191, 0.0, -409.93447673353165], [2397.308734006423, 0.0, -418.10389192748625], [2442.113085679055, 0.0, -425.74683543824716], [2484.6824580034568, 0.0, -433.1344913087182], [2524.9675330744335, 0.0, -439.99786123649216], [2562.8454066427935, 0.0, -446.54817387276927], [2598.26686610505, 0.0, -452.57711505159494], [2631.128816457448, 0.0, -458.2415551845774], [2661.3838997887783, 0.0, -463.38781764700957], [2688.9483302425465, 0.0, -468.125257813988], [2713.778488530296, 0.0, -472.347260196865], [2735.8089874246684, 0.0, -476.1245790357268], [2755.002222206921, 0.0, -479.3867255840049], [2771.3089106152415, 0.0, -482.18300679097797], [2784.7065824696365, 0.0, -484.41971980738845], [2795.2010451617316, 0.0, -485.8936289074449], [2802.7146286521343, 0.0, -486.92793773501586], [2807.237202062555, 0.0, -487.49288891709466], [2808.7458613894087, 0.0, -487.67999999999995]], "velocity_vector": [[78.90246900527013, 0.0, -16.142063203278603], [78.97198185281151, 0.0, -15.79847783254662], [79.09194951550069, 0.0, -15.186485486238977], [79.32254085488115, 0.0, -13.931989517364952], [79.55916861510318, 0.0, -12.510176212181733], [79.77355579081042, 0.0, -11.060995257060483], [80.10420277661052, 0.0, -8.335617380249595], [79.78251134087289, 0.0, -10.996213154070231], [79.90670106771394, 0.0, -10.054100857921698], [79.41864446150073, 0.0, -13.373284244492677], [80.2061965535647, 0.0, -7.289160033721607], [80.35003205849792, 0.0, -5.4807086936466245], [80.089854292576, 0.0, -8.472370328320258], [79.90880895775366, 0.0, -10.037333836207978], [79.71359481271348, 0.0, -11.48514787108971], [79.53976932146345, 0.0, -12.63292982148788], [79.45417044484076, 0.0, -13.160570599652988], [79.32566718370093, 0.0, -13.91417785738595], [79.33831860214919, 0.0, -13.841857569348287], [79.23710924056985, 0.0, -14.409938888984096], [79.30231688122271, 0.0, -14.046649310650464], [79.20901063422421, 0.0, -14.563600308083574], [79.29829406314572, 0.0, -14.069341784928152], [79.20408258097684, 0.0, -14.590377722734123], [79.30488703455867, 0.0, -14.032131414084756], [79.20716408596877, 0.0, -14.573639800841692], [79.31457595756919, 0.0, -13.97726225901356], [79.21299860649425, 0.0, -14.541893664643377], [79.32507941188022, 0.0, -13.917528368397635], [79.21989381009976, 0.0, -14.50428365355473], [79.33577241352805, 0.0, -13.856443812722556], [79.22726170337103, 0.0, -14.463983634248695], [79.346469011971, 0.0, -13.795059801196327], [79.23484847223068, 0.0, -14.422364825814801], [79.3571025393264, 0.0, -13.73375753932955], [79.24250465144999, 0.0, -14.380239085327558], [79.36761677375594, 0.0, -13.672864631834548], [79.25011352880006, 0.0, -14.338246938121816], [79.37794653237525, 0.0, -13.61276694466017], [79.25756596957021, 0.0, -14.296994655013448], [79.38803329382577, 0.0, -13.553818256294669], [79.26478840924959, 0.0, -14.256897910245065], [79.39782140183719, 0.0, -13.496361592229976], [79.27169126563729, 0.0, -14.218466284087853], [79.40724678754621, 0.0, -13.440795259507102], [79.2782003574697, 0.0, -14.182128460395083], [79.41625938873558, 0.0, -13.387440542811902], [79.28425647103812, 0.0, -14.14823294340696], [79.42481020431207, 0.0, -13.336616647233361], [79.28976414322467, 0.0, -14.1173340860822], [79.43286529247622, 0.0, -13.288556393137018], [79.29465727997119, 0.0, -14.089824216013795], [79.44042618038074, 0.0, -13.243281612415245], [79.29881719160511, 0.0, -14.066392984651383], [79.44752031408171, 0.0, -13.20065663252512], [79.30206830991949, 0.0, -14.048052582301887], [79.45429411737334, 0.0, -13.159823931048258], [79.30405300090246, 0.0, -14.03684427555962], [79.46113524107285, 0.0, -13.118452873193064], [79.30390325060142, 0.0, -14.03769029454302], [79.46930007814142, 0.0, -13.068900668249382], [79.29859686952373, 0.0, -14.067634986415417], [79.48462675493465, 0.0, -12.975358538976181], [79.26643500818426, 0.0, -14.247740195538288], [79.68113232922573, 0.0, -11.708243690608503], [79.74880710016534, 0.0, -11.238041897362534], [79.8729357851022, 0.0, -10.318912183713802], [79.92590220829402, 0.0, -9.900301802292567], [79.93012925090093, 0.0, -9.86611663829944]], "acceleration_vector": [[3.0363920466261582, 0.0, 10.837226969351839], [3.7242600789503237, 0.0, 20.573575461084882], [1.161688321982054, 0.0, 4.150212312207401], [3.472318213765937, 0.0, 21.401810579328224], [0.06487770634743831, 0.0, -0.8401030723351607], [3.025276172322461, 0.0, 22.544125995015392], [-1.0563140764551961, 0.0, -6.661673858868327], [0.1892529259667109, 0.0, -0.8892784477552633], [-1.040607939226832, 0.0, -5.503703269270328], [0.053023203259810324, 0.0, -0.32423887528889667], [2.5093280015704873, 0.0, 21.566614402920308], [-1.0245692078240176, 0.0, -8.551887949011231], [-0.2217052478173109, 0.0, -3.7101492821183966], [-0.5405663139515391, 0.0, -3.8777064803820855], [-0.3517058312413117, 0.0, -2.439546189040244], [-0.21802605342573017, 0.0, -1.5142051684705562], [-0.2572195223062451, 0.0, -1.367336059486129], [-0.016030682781882463, 0.0, -0.26030900626625025], [-0.15858616837044254, 0.0, -0.7416418966843606], [0.0613188335438494, 0.0, 0.20711103795730393], [-0.10684777798734177, 0.0, -0.4744869380628972], [0.08111785293223402, 0.0, 0.347062754741554], [-0.0834379878792423, 0.0, -0.37279610213927566], [0.08204358299413773, 0.0, 0.37774521484069196], [-0.07219445142937674, 0.0, -0.33352558821006695], [0.07846375734750502, 0.0, 0.3782373383189448], [-0.06585427667782981, 0.0, -0.31635186978435437], [0.07456911490266176, 0.0, 0.37274021388048767], [-0.061671757163470134, 0.0, -0.3073974489518715], [0.0712961720302512, 0.0, 0.3675757849770261], [-0.05866398357745522, 0.0, -0.30227172543955005], [0.06870944844240484, 0.0, 0.36394588282238555], [-0.05642507161778063, 0.0, -0.2994469294980262], [0.06671986545157381, 0.0, 0.361945815108292], [-0.05474869694647814, 0.0, -0.2982746871049799], [0.06520519749705705, 0.0, 0.36130719152331625], [-0.05350505964136508, 0.0, -0.29838559173909773], [0.06406304411219994, 0.0, 0.36175733890363987], [-0.052609492035031465, 0.0, -0.2995706907310534], [0.06321920266271082, 0.0, 0.3631124427002708], [-0.05196621207397596, 0.0, -0.30150190174732583], [0.06261140127426411, 0.0, 0.36520704565342804], [-0.051535237274812094, 0.0, -0.30412052224005137], [0.06217445270008275, 0.0, 0.3678262944583129], [-0.05124811666442613, 0.0, -0.3071903915449888], [0.06185500428147871, 0.0, 0.37081644109409695], [-0.0510363453154487, 0.0, -0.310471237352976], [0.061596890229254124, 0.0, 0.37401049259545716], [-0.05088002630511353, 0.0, -0.31401217432789846], [0.061334723002145826, 0.0, 0.37722794605362936], [-0.050662539978851576, 0.0, -0.3173746273768381], [0.06098826692785743, 0.0, 0.3802932646003742], [-0.05030765984783532, 0.0, -0.32045638138706983], [0.060398825907724975, 0.0, 0.38275516490330286], [-0.04963766511475615, 0.0, -0.3228354955135733], [0.05934489225590217, 0.0, 0.3842458719349654], [-0.048350546554208625, 0.0, -0.3239817580526605], [0.057251883445336445, 0.0, 0.38347039951144385], [-0.04568590792352577, 0.0, -0.32239996984264513], [0.052613143822165455, 0.0, 0.37737062867588755], [-0.03941056258862348, 0.0, -0.3140109464193009], [0.03904124566641655, 0.0, 0.35188026384189414], [-0.01728952547435366, 0.0, -0.2715620639230648], [-0.0633187793831046, 0.0, 0.10083684634642441], [3.0365757249724266, 0.0, 18.309666115188783], [-0.815563758942559, 0.0, -3.6365843089893297], [2.8557312841844613, 0.0, 19.295546968242846], [-0.9825536289819636, 0.0, -4.891004850435563], [2.7662991870460862, 0.0, 16.417408020458097]], "gravity_force_vector": [[0.0, 0.0, 756475.2009641445], [0.0, 0.0, 756474.777568796], [0.0, 0.0, 756473.5075596214], [0.0, 0.0, 756471.3946241728], [0.0, 0.0, 756468.4427545472], [0.0, 0.0, 756464.6593697026], [0.0, 0.0, 756460.0520773886], [0.0, 0.0, 756454.6317803442], [0.0, 0.0, 756448.4099378217], [0.0, 0.0, 756441.401237958], [0.0, 0.0, 756433.6209109491], [0.0, 0.0, 756425.0859127747], [0.0, 0.0, 756415.8137224349], [0.0, 0.0, 756405.826237695], [0.0, 0.0, 756395.1454617582], [0.0, 0.0, 756383.7964527628], [0.0, 0.0, 756371.8043164976], [0.0, 0.0, 756359.1968432363], [0.0, 0.0, 756346.0018311709], [0.0, 0.0, 756332.2494361893], [0.0, 0.0, 756317.9698507747], [0.0, 0.0, 756303.1953388012], [0.0, 0.0, 756287.9582217016], [0.0, 0.0, 756272.2926052861], [0.0, 0.0, 756256.2326510268], [0.0, 0.0, 756239.8140081967], [0.0, 0.0, 756223.0723616083], [0.0, 0.0, 756206.0445818153], [0.0, 0.0, 756188.7675425209], [0.0, 0.0, 756171.2790016268], [0.0, 0.0, 756153.6166787379], [0.0, 0.0, 756135.8188819914], [0.0, 0.0, 756117.9238318997], [0.0, 0.0, 756099.9700520509], [0.0, 0.0, 756081.9959213154], [0.0, 0.0, 756064.0398500601], [0.0, 0.0, 756046.140039032], [0.0, 0.0, 756028.3344658851], [0.0, 0.0, 756010.6608258386], [0.0, 0.0, 755993.156356026], [0.0, 0.0, 755975.8579304266], [0.0, 0.0, 755958.8017514579], [0.0, 0.0, 755942.023570044], [0.0, 0.0, 755925.5582751037], [0.0, 0.0, 755909.4402087006], [0.0, 0.0, 755893.7026841341], [0.0, 0.0, 755878.3783663485], [0.0, 0.0, 755863.4987485622], [0.0, 0.0, 755849.0945692739], [0.0, 0.0, 755835.1952756472], [0.0, 0.0, 755821.8294505412], [0.0, 0.0, 755809.0242879137], [0.0, 0.0, 755796.8060066366], [0.0, 0.0, 755785.1993595682], [0.0, 0.0, 755774.2280148789], [0.0, 0.0, 755763.9141158331], [0.0, 0.0, 755754.2786151527], [0.0, 0.0, 755745.3408974679], [0.0, 0.0, 755737.1190576217], [0.0, 0.0, 755729.6295920594], [0.0, 0.0, 755722.8876177164], [0.0, 0.0, 755716.9066327473], [0.0, 0.0, 755711.6986787117], [0.0, 0.0, 755707.2741645945], [0.0, 0.0, 755703.6419812093], [0.0, 0.0, 755700.8093368441], [0.0, 0.0, 755698.7819135081], [0.0, 0.0, 755697.5638120854], [0.0, 0.0, 755697.157502518]], "total_force_vector": [[201329.7646340015, 0.0, 841624.2801613107], [287502.97974066343, 0.0, 1589865.6526771681], [87621.79433102046, 0.0, 321882.81820653536], [269188.3882944611, 0.0, 1651512.8602145081], [142.47837556019658, 0.0, -66181.34652452543], [235099.88661537378, 0.0, 1737325.5357158957], [-82779.78194236735, 0.0, -515431.233920238], [14544.964891052688, 0.0, -69951.56339240563], [-80693.23787263894, 0.0, -425221.2111042816], [3307.108314437908, 0.0, -25391.00231772079], [193908.6448789564, 0.0, 1662735.7926601446], [-79625.03318694094, 0.0, -659792.1389312713], [-16328.596636131464, 0.0, -285556.64956599125], [-41070.89292989022, 0.0, -299058.4266061456], [-25709.57893873405, 0.0, -188007.66362312238], [-17387.173828321364, 0.0, -117152.58460960176], [-19765.82911688843, 0.0, -105633.47616047063], [-1374.876440902095, 0.0, -20559.859554232215], [-12223.870281431155, 0.0, -57288.47516307887], [4679.563202967402, 0.0, 15714.19447452831], [-8213.203974302713, 0.0, -36560.336444672896], [6223.188103511231, 0.0, 26629.810590708512], [-6402.946906720492, 0.0, -28677.306965612923], [6298.860391579568, 0.0, 29041.007623363286], [-5537.5679315288435, 0.0, -25641.862716314034], [6025.457162443636, 0.0, 29095.613041246193], [-5052.524211357639, 0.0, -24318.462522696005], [5727.08367479546, 0.0, 28679.048264361336], [-4733.266069093079, 0.0, -23629.988954156637], [5476.503296266106, 0.0, 28284.535970662953], [-4503.8493563492375, 0.0, -23236.413742933422], [5278.032880230487, 0.0, 28006.66993070359], [-4333.344081007497, 0.0, -23019.712587466114], [5125.674498777051, 0.0, 27853.28315184638], [-4205.521140152996, 0.0, -22930.09071515326], [5009.855374437582, 0.0, 27804.075371520128], [-4110.34770036058, 0.0, -22939.133716981392], [4922.323123654089, 0.0, 27838.059141541948], [-4042.3153340103454, 0.0, -23030.86771649029], [4857.257377343136, 0.0, 27941.354026915156], [-3992.8770235366246, 0.0, -23179.973351877765], [4810.825728782045, 0.0, 28101.177996781305], [-3959.899887448788, 0.0, -23381.837971656816], [4777.112226067111, 0.0, 28301.163408953464], [-3937.8352542324283, 0.0, -23618.310205027577], [4752.196265956096, 0.0, 28529.524258857826], [-3920.5129593364254, 0.0, -23870.94432454952], [4732.30597602381, 0.0, 28773.13809953758], [-3908.6506758584583, 0.0, -24143.156989327515], [4711.4913766403915, 0.0, 29018.57578512316], [-3890.9981893657823, 0.0, -24401.06349267217], [4684.973900490499, 0.0, 29252.110448837047], [-3862.4542383046064, 0.0, -24636.83633503935], [4638.525881714013, 0.0, 29438.747815049137], [-3809.1202711015358, 0.0, -24817.859855020302], [4556.63000861241, 0.0, 29549.755763657275], [-3707.692019122507, 0.0, -24902.846774166566], [4392.395623136981, 0.0, 29485.338214171585], [-3498.1773288575932, 0.0, -24776.030531023513], [4030.425409224088, 0.0, 29008.88155557087], [-3007.7095530919905, 0.0, -24118.949947548565], [2971.541930333595, 0.0, 26996.400087125716], [-1332.9467366717872, 0.0, -21094.761521458393], [-5010.977532453573, 0.0, 7041.18537017412], [231009.40654206864, 0.0, 1410751.387396026], [-62852.04482120703, 0.0, -280825.44856987754], [219899.2949697355, 0.0, 1487245.396007838], [-75654.0063169142, 0.0, -376908.24200358475], [213000.02436677678, 0.0, 1265626.0197078546]], "time": [[0.0], [0.01887644717687805], [0.0754655054179526], [0.16964641082111495], [0.30121817658796823], [0.46990002193977015], [0.675331971317778], [0.9170756225892205], [1.194615082619553], [1.507358068214398], [1.8546371700817361], [2.2357112771169603], [2.649767157971332], [3.0959211965286584], [3.5732212775866077], [4.080648818718544], [4.617120943979753], [5.181492794819275], [5.772559973265759], [6.3890611121734135], [7.0296805670430835], [7.693051223673892], [8.377757415653853], [9.082337945463347], [9.805289202744241], [10.54506837308018], [11.30009673044031], [12.06876300626018], [12.849426827970051], [13.640422219632653], [14.440061157219748], [15.246637170940533], [16.058428986934114], [16.87370420055471], [17.69072297341044], [18.50774174626618], [19.323016959886772], [20.134808775880355], [20.941384789601134], [21.74102372718824], [22.532019118850837], [23.312682940560705], [24.081349216380577], [24.83637757374071], [25.576156744076638], [26.29910800135754], [27.003688531167025], [27.688394723146995], [28.351765379777802], [28.99238483464747], [29.608885973555132], [30.199953152001612], [30.76432500284114], [31.300797128102346], [31.80822466923428], [32.28552475029223], [32.73167878884956], [33.14573466970393], [33.52680877673915], [33.87408787860649], [34.18683086420133], [34.464370324231666], [34.706113975503115], [34.91154592488112], [35.08022777023292], [35.21179953599977], [35.305980441402944], [35.36256949964401], [35.38144594682089]]}, "body": {"inertial_rotations": [[0.0, 0.1369946046182186, 0.0], [0.0, -0.06935195649078378, 0.0], [0.0, 0.2686583725836718, 0.0], [0.0, -0.10769005451700854, 0.0], [0.0, 0.3433519933404707, 0.0], [0.0, -0.16431055667657954, 0.0], [0.0, 0.41553058371728036, 0.0], [0.0, 0.3255780383784229, 0.0], [0.0, 0.41256575881657, 0.0], [0.0, 0.3430960914630771, 0.0], [0.0, -0.1891968383908095, 0.0], [0.0, 0.41959712277743616, 0.0], [0.0, 0.3540904786627898, 0.0], [0.0, 0.37767656048525966, 0.0], [0.0, 0.36513312021325917, 0.0], [0.0, 0.35996317945552675, 0.0], [0.0, 0.3635532747706032, 0.0], [0.0, 0.3493395758609057, 0.0], [0.0, 0.35892500131826605, 0.0], [0.0, 0.3457167161626551, 0.0], [0.0, 0.3560484726083129, 0.0], [0.0, 0.3449337846420245, 0.0], [0.0, 0.3545107157032481, 0.0], [0.0, 0.3449716499009113, 0.0], [0.0, 0.35360542528767513, 0.0], [0.0, 0.3451471447382373, 0.0], [0.0, 0.3529796163165412, 0.0], [0.0, 0.34528387644164316, 0.0], [0.0, 0.3524872910462973, 0.0], [0.0, 0.3453537521276937, 0.0], [0.0, 0.3520729701853115, 0.0], [0.0, 0.3453660061536716, 0.0], [0.0, 0.3517126716934423, 0.0], [0.0, 0.34533168226295763, 0.0], [0.0, 0.3513931745957352, 0.0], [0.0, 0.3452627782026561, 0.0], [0.0, 0.3511065843634365, 0.0], [0.0, 0.34516937580133955, 0.0], [0.0, 0.3508492656828659, 0.0], [0.0, 0.34505916581841933, 0.0], [0.0, 0.35061450336348066, 0.0], [0.0, 0.3449372220674313, 0.0], [0.0, 0.35040143323150125, 0.0], [0.0, 0.3448109679668351, 0.0], [0.0, 0.3502060804779727, 0.0], [0.0, 0.34468565302711446, 0.0], [0.0, 0.3500235160314904, 0.0], [0.0, 0.3445660903570827, 0.0], [0.0, 0.3498552502365318, 0.0], [0.0, 0.34445998997991334, 0.0], [0.0, 0.34969109200335485, 0.0], [0.0, 0.34437334416800564, 0.0], [0.0, 0.3495259290604014, 0.0], [0.0, 0.3443223345819966, 0.0], [0.0, 0.34934570154310934, 0.0], [0.0, 0.3443256817209177, 0.0], [0.0, 0.34912497083479477, 0.0], [0.0, 0.3444360982536456, 0.0], [0.0, 0.34879830672220447, 0.0], [0.0, 0.34478293088566075, 0.0], [0.0, 0.34817452318106273, 0.0], [0.0, 0.3459082174518114, 0.0], [0.0, 0.3462652680786696, 0.0], [0.0, 0.3541438157615671, 0.0], [0.0, -0.07767407836233961, 0.0], [0.0, 0.4002483946404859, 0.0], [0.0, -0.11545257959290722, 0.0], [0.0, 0.41124569328933824, 0.0], [0.0, -0.05865512918455037, 0.0]], "transform_to_inertial": [[[0.990630905802801, 0.0, 0.1365664983380701], [0.0, 1.0, 0.0], [-0.1365664983380701, 0.0, 0.990630905802801]], [[0.9975961167923941, 0.0, -0.06929637624534196], [0.0, 1.0, 0.0], [0.06929637624534196, 0.0, 0.9975961167923941]], [[0.9641278830904061, 0.0, 0.2654381755656337], [0.0, 1.0, 0.0], [-0.2654381755656337, 0.0, 0.9641278830904061]], [[0.9942070278231174, 0.0, -0.10748202560020409], [0.0, 1.0, 0.0], [0.10748202560020409, 0.0, 0.9942070278231174]], [[0.941631524785229, 0.0, 0.33664532007833503], [0.0, 1.0, 0.0], [-0.33664532007833503, 0.0, 0.941631524785229]], [[0.9865313635721911, 0.0, -0.16357221245796447], [0.0, 1.0, 0.0], [0.16357221245796447, 0.0, 0.9865313635721911]], [[0.9149022656812853, 0.0, 0.40367541942908886], [0.0, 1.0, 0.0], [-0.40367541942908886, 0.0, 0.9149022656812853]], [[0.9474659953738108, 0.0, 0.31985651097064427], [0.0, 1.0, 0.0], [-0.31985651097064427, 0.0, 0.9474659953738108]], [[0.9160950697853109, 0.0, 0.4009611241941622], [0.0, 1.0, 0.0], [-0.4009611241941622, 0.0, 0.9160950697853109]], [[0.9417176421219796, 0.0, 0.3364043437832204], [0.0, 1.0, 0.0], [-0.3364043437832204, 0.0, 0.9417176421219796]], [[0.9821556025849447, 0.0, -0.1880701260461216], [0.0, 1.0, 0.0], [0.1880701260461216, 0.0, 0.9821556025849447]], [[0.9132531436049066, 0.0, 0.4073925572414841], [0.0, 1.0, 0.0], [-0.4073925572414841, 0.0, 0.9132531436049066]], [[0.9379622418053667, 0.0, 0.34673741209660486], [0.0, 1.0, 0.0], [-0.34673741209660486, 0.0, 0.9379622418053667]], [[0.9295239394395004, 0.0, 0.3687617740613471], [0.0, 1.0, 0.0], [-0.3687617740613471, 0.0, 0.9295239394395004]], [[0.9340762357218105, 0.0, 0.35707364206809317], [0.0, 1.0, 0.0], [-0.35707364206809317, 0.0, 0.9340762357218105]], [[0.9359097939725828, 0.0, 0.3522397728056808], [0.0, 1.0, 0.0], [-0.3522397728056808, 0.0, 0.9359097939725828]], [[0.9346391909676341, 0.0, 0.35559750098582854], [0.0, 1.0, 0.0], [-0.35559750098582854, 0.0, 0.9346391909676341]], [[0.9395989659617888, 0.0, 0.34227734830621964], [0.0, 1.0, 0.0], [-0.34227734830621964, 0.0, 0.9395989659617888]], [[0.9362749771698714, 0.0, 0.35126794206923684], [0.0, 1.0, 0.0], [-0.35126794206923684, 0.0, 0.9362749771698714]], [[0.9408328198957481, 0.0, 0.3388710743144284], [0.0, 1.0, 0.0], [-0.3388710743144284, 0.0, 0.9408328198957481]], [[0.9372815345343447, 0.0, 0.3485732706633485], [0.0, 1.0, 0.0], [-0.3485732706633485, 0.0, 0.9372815345343447]], [[0.9410978443574864, 0.0, 0.33813436285845333], [0.0, 1.0, 0.0], [-0.33813436285845333, 0.0, 0.9410978443574864]], [[0.9378164470841043, 0.0, 0.347131547944792], [0.0, 1.0, 0.0], [-0.347131547944792, 0.0, 0.9378164470841043]], [[0.9410850401376387, 0.0, 0.3381699975295544], [0.0, 1.0, 0.0], [-0.3381699975295544, 0.0, 0.9410850401376387]], [[0.9381303176104233, 0.0, 0.3462824095736978], [0.0, 1.0, 0.0], [-0.3462824095736978, 0.0, 0.9381303176104233]], [[0.9410256785572638, 0.0, 0.3383351478871817], [0.0, 1.0, 0.0], [-0.3383351478871817, 0.0, 0.9410256785572638]], [[0.9383468405315315, 0.0, 0.3456952514346885], [0.0, 1.0, 0.0], [-0.3456952514346885, 0.0, 0.9383468405315315]], [[0.9409794086198149, 0.0, 0.3384638127680763], [0.0, 1.0, 0.0], [-0.3384638127680763, 0.0, 0.9409794086198149]], [[0.9385169213125322, 0.0, 0.345233237695976], [0.0, 1.0, 0.0], [-0.345233237695976, 0.0, 0.9385169213125322]], [[0.9409557559314953, 0.0, 0.33852956352346586], [0.0, 1.0, 0.0], [-0.33852956352346586, 0.0, 0.9409557559314953]], [[0.9386598780869834, 0.0, 0.3448443609365382], [0.0, 1.0, 0.0], [-0.3448443609365382, 0.0, 0.9386598780869834]], [[0.9409516075107822, 0.0, 0.3385410939943258], [0.0, 1.0, 0.0], [-0.3385410939943258, 0.0, 0.9409516075107822]], [[0.9387840640614034, 0.0, 0.3445061408224168], [0.0, 1.0, 0.0], [-0.3445061408224168, 0.0, 0.9387840640614034]], [[0.9409632270040109, 0.0, 0.3385087966747662], [0.0, 1.0, 0.0], [-0.3385087966747662, 0.0, 0.9409632270040109]], [[0.9388940848568808, 0.0, 0.34420618446036155], [0.0, 1.0, 0.0], [-0.34420618446036155, 0.0, 0.9388940848568808]], [[0.9409865494007928, 0.0, 0.33844395968430163], [0.0, 1.0, 0.0], [-0.33844395968430163, 0.0, 0.9409865494007928]], [[0.9389926924283486, 0.0, 0.3439370924546533], [0.0, 1.0, 0.0], [-0.3439370924546533, 0.0, 0.9389926924283486]], [[0.9410181567747051, 0.0, 0.3383560678048148], [0.0, 1.0, 0.0], [-0.3383560678048148, 0.0, 0.9410181567747051]], [[0.9390811627794856, 0.0, 0.34369546071010193], [0.0, 1.0, 0.0], [-0.34369546071010193, 0.0, 0.9390811627794856]], [[0.941055441276167, 0.0, 0.33825235615516197], [0.0, 1.0, 0.0], [-0.33825235615516197, 0.0, 0.941055441276167]], [[0.9391618236443102, 0.0, 0.3434749903691584], [0.0, 1.0, 0.0], [-0.3434749903691584, 0.0, 0.9391618236443102]], [[0.9410966820402767, 0.0, 0.3381375978100961], [0.0, 1.0, 0.0], [-0.3381375978100961, 0.0, 0.9410966820402767]], [[0.9392349865868381, 0.0, 0.3432748752402685], [0.0, 1.0, 0.0], [-0.3432748752402685, 0.0, 0.9392349865868381]], [[0.941139365797866, 0.0, 0.33801877780027345], [0.0, 1.0, 0.0], [-0.33801877780027345, 0.0, 0.941139365797866]], [[0.9393020283566363, 0.0, 0.34309138655044774], [0.0, 1.0, 0.0], [-0.34309138655044774, 0.0, 0.9393020283566363]], [[0.9411817172107714, 0.0, 0.3379008363235931], [0.0, 1.0, 0.0], [-0.3379008363235931, 0.0, 0.9411817172107714]], [[0.9393646489920032, 0.0, 0.342919897678934], [0.0, 1.0, 0.0], [-0.342919897678934, 0.0, 0.9393646489920032]], [[0.9412221108096663, 0.0, 0.33778830370958096], [0.0, 1.0, 0.0], [-0.33778830370958096, 0.0, 0.9412221108096663]], [[0.9394223373826279, 0.0, 0.3427618298856509], [0.0, 1.0, 0.0], [-0.3427618298856509, 0.0, 0.9394223373826279]], [[0.941257944978221, 0.0, 0.33768843778752083], [0.0, 1.0, 0.0], [-0.33768843778752083, 0.0, 0.941257944978221]], [[0.9394785919010282, 0.0, 0.34260761135687173], [0.0, 1.0, 0.0], [-0.34260761135687173, 0.0, 0.9394785919010282]], [[0.9412872007338029, 0.0, 0.33760688046116827], [0.0, 1.0, 0.0], [-0.33760688046116827, 0.0, 0.9412872007338029]], [[0.9395351651682177, 0.0, 0.34245243963553523], [0.0, 1.0, 0.0], [-0.34245243963553523, 0.0, 0.9395351651682177]], [[0.9413044206963973, 0.0, 0.3375588653515412], [0.0, 1.0, 0.0], [-0.3375588653515412, 0.0, 0.9413044206963973]], [[0.9395968692618989, 0.0, 0.34228310398446216], [0.0, 1.0, 0.0], [-0.34228310398446216, 0.0, 0.9395968692618989]], [[0.941303290834708, 0.0, 0.33756201602631347], [0.0, 1.0, 0.0], [-0.33756201602631347, 0.0, 0.941303290834708]], [[0.9396723987637313, 0.0, 0.3420756977652975], [0.0, 1.0, 0.0], [-0.3420756977652975, 0.0, 0.9396723987637313]], [[0.9412660126692978, 0.0, 0.33766594941397543], [0.0, 1.0, 0.0], [-0.33766594941397543, 0.0, 0.9412660126692978]], [[0.9397840924800347, 0.0, 0.3417687222691356], [0.0, 1.0, 0.0], [-0.3417687222691356, 0.0, 0.9397840924800347]], [[0.9411488424878719, 0.0, 0.33799239086662713], [0.0, 1.0, 0.0], [-0.33799239086662713, 0.0, 0.9411488424878719]], [[0.9399970993322732, 0.0, 0.3411824339659248], [0.0, 1.0, 0.0], [-0.3411824339659248, 0.0, 0.9399970993322732]], [[0.9407679083970953, 0.0, 0.3390512387975518], [0.0, 1.0, 0.0], [-0.3390512387975518, 0.0, 0.9407679083970953]], [[0.9406467899753495, 0.0, 0.33938711894983714], [0.0, 1.0, 0.0], [-0.33938711894983714, 0.0, 0.9406467899753495]], [[0.9379437465035976, 0.0, 0.34678743978811444], [0.0, 1.0, 0.0], [-0.34678743978811444, 0.0, 0.9379437465035976]], [[0.9969848851476206, 0.0, -0.0775959972368783], [0.0, 1.0, 0.0], [0.0775959972368783, 0.0, 0.9969848851476206]], [[0.9209642361600592, 0.0, 0.3896471169072329], [0.0, 1.0, 0.0], [-0.3896471169072329, 0.0, 0.9209642361600592]], [[0.9933427505687933, 0.0, -0.1151962668337131], [0.0, 1.0, 0.0], [0.1151962668337131, 0.0, 0.9933427505687933]], [[0.9166235664082478, 0.0, 0.39975146967212577], [0.0, 1.0, 0.0], [-0.39975146967212577, 0.0, 0.9166235664082478]], [[0.9982802810418885, 0.0, -0.058621501882229594], [0.0, 1.0, 0.0], [0.058621501882229594, 0.0, 0.9982802810418885]]], "thrust_force_vector": [[191944.72829375032, 0.0, 0.0], [191932.99894691657, 0.0, 0.0], [191923.9653075422, 0.0, 0.0], [191893.07090823865, 0.0, 0.0], [191869.3237000732, 0.0, 0.0], [191826.67570097186, 0.0, 0.0], [191799.80614649958, 0.0, 0.0], [191751.49435687708, 0.0, 0.0], [191706.74150865016, 0.0, 0.0], [191635.04838825238, 0.0, 0.0], [191573.52057885536, 0.0, 0.0], [191531.49871525908, 0.0, 0.0], [191484.74506987748, 0.0, 0.0], [191406.1409693911, 0.0, 0.0], [191320.6094078427, 0.0, 0.0], [191206.49286228057, 0.0, 0.0], [191089.85931925024, 0.0, 0.0], [190948.89498734425, 0.0, 0.0], [190809.8198338673, 0.0, 0.0], [190650.24661911765, 0.0, 0.0], [190495.13871753446, 0.0, 0.0], [190322.10864923333, 0.0, 0.0], [190154.84682640457, 0.0, 0.0], [189971.46433121577, 0.0, 0.0], [189794.55429746967, 0.0, 0.0], [189603.00974666234, 0.0, 0.0], [189418.4100123167, 0.0, 0.0], [189220.57657484137, 0.0, 0.0], [189030.07520026414, 0.0, 0.0], [188827.74219049962, 0.0, 0.0], [188633.08954870637, 0.0, 0.0], [188428.0301662562, 0.0, 0.0], [188230.96959678235, 0.0, 0.0], [188024.94922657663, 0.0, 0.0], [187827.2158542645, 0.0, 0.0], [187621.98366197248, 0.0, 0.0], [187425.29262519712, 0.0, 0.0], [187222.5675131667, 0.0, 0.0], [187028.60019238925, 0.0, 0.0], [186830.0559821784, 0.0, 0.0], [186640.44691567554, 0.0, 0.0], [186447.70066799037, 0.0, 0.0], [186264.02690502067, 0.0, 0.0], [186078.62586230782, 0.0, 0.0], [185902.39459137572, 0.0, 0.0], [185725.80540784032, 0.0, 0.0], [185558.44520704972, 0.0, 0.0], [185392.04504398094, 0.0, 0.0], [185234.8978413673, 0.0, 0.0], [185079.96423275274, 0.0, 0.0], [184934.27660729314, 0.0, 0.0], [184791.9818369488, 0.0, 0.0], [184658.90073273188, 0.0, 0.0], [184530.3049140111, 0.0, 0.0], [184410.8707015987, 0.0, 0.0], [184296.91611620135, 0.0, 0.0], [184192.05932400216, 0.0, 0.0], [184093.5661613392, 0.0, 0.0], [184004.10337057614, 0.0, 0.0], [183921.76467890554, 0.0, 0.0], [183848.39836057453, 0.0, 0.0], [183782.77044591814, 0.0, 0.0], [183726.1016677065, 0.0, 0.0], [183677.5319491441, 0.0, 0.0], [183638.68573105024, 0.0, 0.0], [183613.08955750414, 0.0, 0.0], [183595.1285169851, 0.0, 0.0], [183585.3183260726, 0.0, 0.0], [183582.06925565226, 0.0, 0.0]]}, "wind": {"body_rotations": [[0.0, -0.06480328306716343, 0.0], [0.0, -0.26679721046733046, 0.0], [0.0, 0.07895668518731877, 0.0], [0.0, -0.28155392628096704, 0.0], [0.0, 0.1873854032416332, 0.0], [0.0, -0.30208702291377587, 0.0], [0.0, 0.3118440867175246, 0.0], [0.0, 0.18861360142466413, 0.0], [0.0, 0.28740050794155103, 0.0], [0.0, 0.17627138807592896, 0.0], [0.0, -0.279828131388587, 0.0], [0.0, 0.3514922042722757, 0.0], [0.0, 0.24869664098694536, 0.0], [0.0, 0.25272113932763834, 0.0], [0.0, 0.22203770994273211, 0.0], [0.0, 0.20245347930781138, 0.0], [0.0, 0.19940635509188057, 0.0], [0.0, 0.1757002469408201, 0.0], [0.0, 0.18619728800736898, 0.0], [0.0, 0.16582422458563584, 0.0], [0.0, 0.18073892864704147, 0.0], [0.0, 0.1631016889769124, 0.0], [0.0, 0.17891501301928675, 0.0], [0.0, 0.1628014835138402, 0.0], [0.0, 0.17847894862936017, 0.0], [0.0, 0.16318830074376542, 0.0], [0.0, 0.17854497345778203, 0.0], [0.0, 0.16372581647912557, 0.0], [0.0, 0.17880572455616447, 0.0], [0.0, 0.16427046744458307, 0.0], [0.0, 0.17916140526713792, 0.0], [0.0, 0.164791408651551, 0.0], [0.0, 0.17957477883728293, 0.0], [0.0, 0.1652823687852743, 0.0], [0.0, 0.18002781960017622, 0.0], [0.0, 0.16574509575823715, 0.0], [0.0, 0.18050850625796944, 0.0], [0.0, 0.16618158738864658, 0.0], [0.0, 0.18100834491838705, 0.0], [0.0, 0.1665918857155767, 0.0], [0.0, 0.18151616845676777, 0.0], [0.0, 0.16697582322115195, 0.0], [0.0, 0.18202679832523377, 0.0], [0.0, 0.1673343991796464, 0.0], [0.0, 0.1825312510765133, 0.0], [0.0, 0.16766746138146188, 0.0], [0.0, 0.1830205609132859, 0.0], [0.0, 0.16797543391931954, 0.0], [0.0, 0.18349222903433934, 0.0], [0.0, 0.16825904248456092, 0.0], [0.0, 0.18393314389542428, 0.0], [0.0, 0.16851933957594195, 0.0], [0.0, 0.18433792923108278, 0.0], [0.0, 0.16876381795083406, 0.0], [0.0, 0.1846942430916358, 0.0], [0.0, 0.16899844251559998, 0.0], [0.0, 0.18498744862406455, 0.0], [0.0, 0.16925019415735104, 0.0], [0.0, 0.18518145210287923, 0.0], [0.0, 0.16958635873710226, 0.0], [0.0, 0.18518123953778745, 0.0], [0.0, 0.1703340385001582, 0.0], [0.0, 0.18444895590553695, 0.0], [0.0, 0.1762979489158512, 0.0], [0.0, -0.22356877412790757, 0.0], [0.0, 0.2602522199636762, 0.0], [0.0, -0.24393253425052894, 0.0], [0.0, 0.28800494348616484, 0.0], [0.0, -0.18146817959896794, 0.0]], "velocity_vector": [[0.0, 0.0, 0.0], [0.0, 0.0, 0.0], [0.0, 0.0, 0.0], [0.0, 0.0, 0.0], [0.0, 0.0, 0.0], [0.0, 0.0, 0.0], [0.0, 0.0, 0.0], [0.0, 0.0, 0.0], [0.0, 0.0, 0.0], [0.0, 0.0, 0.0], [0.0, 0.0, 0.0], [0.0, 0.0, 0.0], [0.0, 0.0, 0.0], [0.0, 0.0, 0.0], [0.0, 0.0, 0.0], [0.0, 0.0, 0.0], [0.0, 0.0, 0.0], [0.0, 0.0, 0.0], [0.0, 0.0, 0.0], [0.0, 0.0, 0.0], [0.0, 0.0, 0.0], [0.0, 0.0, 0.0], [0.0, 0.0, 0.0], [0.0, 0.0, 0.0], [0.0, 0.0, 0.0], [0.0, 0.0, 0.0], [0.0, 0.0, 0.0], [0.0, 0.0, 0.0], [0.0, 0.0, 0.0], [0.0, 0.0, 0.0], [0.0, 0.0, 0.0], [0.0, 0.0, 0.0], [0.0, 0.0, 0.0], [0.0, 0.0, 0.0], [0.0, 0.0, 0.0], [0.0, 0.0, 0.0], [0.0, 0.0, 0.0], [0.0, 0.0, 0.0], [0.0, 0.0, 0.0], [0.0, 0.0, 0.0], [0.0, 0.0, 0.0], [0.0, 0.0, 0.0], [0.0, 0.0, 0.0], [0.0, 0.0, 0.0], [0.0, 0.0, 0.0], [0.0, 0.0, 0.0], [0.0, 0.0, 0.0], [0.0, 0.0, 0.0], [0.0, 0.0, 0.0], [0.0, 0.0, 0.0], [0.0, 0.0, 0.0], [0.0, 0.0, 0.0], [0.0, 0.0, 0.0], [0.0, 0.0, 0.0], [0.0, 0.0, 0.0], [0.0, 0.0, 0.0], [0.0, 0.0, 0.0], [0.0, 0.0, 0.0], [0.0, 0.0, 0.0], [0.0, 0.0, 0.0], [0.0, 0.0, 0.0], [0.0, 0.0, 0.0], [0.0, 0.0, 0.0], [0.0, 0.0, 0.0], [0.0, 0.0, 0.0], [0.0, 0.0, 0.0], [0.0, 0.0, 0.0], [0.0, 0.0, 0.0], [0.0, 0.0, 0.0]], "lift_force_vector": [[0.0, 0.0, 111344.01117844896], [0.0, 0.0, 822994.9944735568], [0.0, 0.0, -395133.9367374951], [0.0, 0.0, 874797.0156636814], [0.0, 0.0, -776898.73634984], [0.0, 0.0, 946783.9198595528], [0.0, 0.0, -1214781.2784063888], [0.0, 0.0, -780728.1210888696], [0.0, 0.0, -1128157.8650901834], [0.0, 0.0, -736823.958054714], [0.0, 0.0, 867221.8831056955], [0.0, 0.0, -1352408.619091699], [0.0, 0.0, -990776.2955464824], [0.0, 0.0, -1004494.6084109962], [0.0, 0.0, -896284.5441112265], [0.0, 0.0, -827003.6670489258], [0.0, 0.0, -815795.7461976743], [0.0, 0.0, -732096.2776096875], [0.0, 0.0, -768304.8689451808], [0.0, 0.0, -696359.6263311311], [0.0, 0.0, -747915.2883250003], [0.0, 0.0, -685614.2599921833], [0.0, 0.0, -740172.7996891405], [0.0, 0.0, -683265.3553858039], [0.0, 0.0, -737208.6307491023], [0.0, 0.0, -683245.6682995523], [0.0, 0.0, -735933.2397794005], [0.0, 0.0, -683692.8789398537], [0.0, 0.0, -735284.6762125085], [0.0, 0.0, -684119.3989100339], [0.0, 0.0, -734927.4040479137], [0.0, 0.0, -684431.3704371564], [0.0, 0.0, -734744.7157274943], [0.0, 0.0, -684620.6771952877], [0.0, 0.0, -734687.1745057242], [0.0, 0.0, -684707.0018792173], [0.0, 0.0, -734726.449160873], [0.0, 0.0, -684710.726150243], [0.0, 0.0, -734846.4989894358], [0.0, 0.0, -684645.238207597], [0.0, 0.0, -735022.1112920765], [0.0, 0.0, -684522.8670960218], [0.0, 0.0, -735248.4925868541], [0.0, 0.0, -684359.4817992084], [0.0, 0.0, -735507.551951432], [0.0, 0.0, -684166.4536900664], [0.0, 0.0, -735780.9380319879], [0.0, 0.0, -683956.4894423618], [0.0, 0.0, -736071.8420288595], [0.0, 0.0, -683742.5999909787], [0.0, 0.0, -736346.7744341994], [0.0, 0.0, -683538.1139603396], [0.0, 0.0, -736597.9042341172], [0.0, 0.0, -683377.3061115891], [0.0, 0.0, -736793.0358475423], [0.0, 0.0, -683288.2792041872], [0.0, 0.0, -736891.4463552814], [0.0, 0.0, -683369.0947729012], [0.0, 0.0, -736779.1574341019], [0.0, 0.0, -683852.4786628133], [0.0, 0.0, -736142.8374274829], [0.0, 0.0, -685845.0999974047], [0.0, 0.0, -733176.97252782], [0.0, 0.0, -705529.4283992744], [0.0, 0.0, 640957.5684525686], [0.0, 0.0, -987907.6591072781], [0.0, 0.0, 709350.0411004543], [0.0, 0.0, -1081170.034288237], [0.0, 0.0, 499049.76479947777]], "drag_force_vector": [[-11364.014172501462, 0.0, 0.0], [-66707.39866113797, 0.0, 0.0], [-23327.12517761112, 0.0, 0.0], [-74039.7758425543, 0.0, 0.0], [-60583.50948215148, 0.0, 0.0], [-84980.68049166116, 0.0, 0.0], [-133242.6099090383, 0.0, 0.0], [-61107.3508457187, 0.0, 0.0], [-116387.57908223824, 0.0, 0.0], [-55579.53289235859, 0.0, 0.0], [-73036.00085376158, 0.0, 0.0], [-162884.8900450303, 0.0, 0.0], [-92217.24523017046, 0.0, 0.0], [-94533.87501366064, 0.0, 0.0], [-77391.65241959292, 0.0, 0.0], [-67451.02856460238, 0.0, 0.0], [-65942.47472064044, 0.0, 0.0], [-55136.50007556935, 0.0, 0.0], [-59714.25927021087, 0.0, 0.0], [-50916.78225684154, 0.0, 0.0], [-57191.265099153046, 0.0, 0.0], [-49727.50500637917, 0.0, 0.0], [-56294.67962103008, 0.0, 0.0], [-49516.54140643781, 0.0, 0.0], [-56000.30930087296, 0.0, 0.0], [-49576.604681142, 0.0, 0.0], [-55919.03757865546, 0.0, 0.0], [-49693.24285281919, 0.0, 0.0], [-55918.14871082783, 0.0, 0.0], [-49809.82444942619, 0.0, 0.0], [-55955.411113275055, 0.0, 0.0], [-49914.85278261665, 0.0, 0.0], [-56015.731550459015, 0.0, 0.0], [-50006.69025994933, 0.0, 0.0], [-56092.341165726706, 0.0, 0.0], [-50086.930658380814, 0.0, 0.0], [-56181.071901553165, 0.0, 0.0], [-50157.27266415004, 0.0, 0.0], [-56279.273928296, 0.0, 0.0], [-50218.622909005324, 0.0, 0.0], [-56383.1302906884, 0.0, 0.0], [-50271.788585725764, 0.0, 0.0], [-56491.3835538466, 0.0, 0.0], [-50318.02204407663, 0.0, 0.0], [-56601.10219491632, 0.0, 0.0], [-50358.081083985126, 0.0, 0.0], [-56709.32033432824, 0.0, 0.0], [-50392.91648063978, 0.0, 0.0], [-56815.81702611053, 0.0, 0.0], [-50423.55475512461, 0.0, 0.0], [-56915.73116047008, 0.0, 0.0], [-50451.10258647769, 0.0, 0.0], [-57007.481622589614, 0.0, 0.0], [-50479.194853623805, 0.0, 0.0], [-57086.40857