{"unknowns": {"tag": "unknowns", "climb_1": {"tag": "unknowns", "throttle": [[1.0526489631539828], [1.0530322093576656], [1.0541883186092014], [1.0561324863780563], [1.0588776648203746], [1.062418300707188], [1.0667118670565041], [1.0716618235135995], [1.0771057944011069], [1.0828123240014333], [1.0884885044869326], [1.0937991089477987], [1.0983957871673402], [1.1019527616379305], [1.1042037869734909], [1.1049743810948944]], "body_angle": [[0.23185085417816328], [0.2320611522762278], [0.23268706290681085], [0.23371327309874154], [0.2351131211212206], [0.23684712208933062], [0.23886138206839896], [0.2410863795419074], [0.24343669550409147], [0.2458122990391464], [0.24810189426243348], [0.2501885715325161], [0.25195758590021783], [0.25330557429872996], [0.25415004519077466], [0.2544376843328678]]}, "climb_2": {"tag": "unknowns", "throttle": [[0.5298984403887156], [0.5299371720337319], [0.5300569323799186], [0.5302673895010219], [0.5305814134954159], [0.5310108260115303], [0.5315615792890346], [0.5322292778471399], [0.5329959434580822], [0.5338287615555076], [0.5346812512299818], [0.5354969082627885], [0.5362149376782979], [0.5367772914996081], [0.5371359377546776], [0.5372591775365848]], "body_angle": [[0.0830422265728293], [0.08309252118871123], [0.08324173678260281], [0.08348485981340718], [0.0838135160825799], [0.08421598056384534], [0.08467726149241864], [0.08517931859746077], [0.08570147647888675], [0.08622108252092583], [0.08671443272844331], [0.08715794949068059], [0.08752954729967553], [0.08781007453144972], [0.08798468272990012], [0.08804396034888451]]}, "climb_3": {"tag": "unknowns", "throttle": [[0.5126730684714557], [0.5110115283833531], [0.5063157567768869], [0.49936065588639805], [0.49119570138973473], [0.48292275229371884], [0.47559183424475926], [0.47025990554041425], [0.46818314560520397], [0.4709581189713192], [0.4803025995996013], [0.4971572448883117], [0.5214112450133124], [0.5465523114779216], [0.5562057866388774], [0.5561749145909621]], "body_angle": [[0.06293898548738695], [0.06233616516816783], [0.060598412468007845], [0.05791697579368784], [0.054551930138946665], [0.05077236749333493], [0.04681044864281799], [0.0428381233067093], [0.03896475499180229], [0.035247280592366634], [0.03170549034388185], [0.028336731364488405], [0.02678995941367639], [0.026333645658466638], [0.02606250886728503], [0.037983853205057753]]}, "climb_4": {"tag": "unknowns", "throttle": [[0.5647420478963383], [0.5684820710300201], [0.571351330966313], [0.7073665140151705], [0.7191012847652667], [0.7371113007707983], [0.7475606821829274], [0.7709168304738943], [0.8156696831259335], [0.8503011435898494], [0.8955737303380645], [0.9370695277591727], [0.9814014355248077], [1.015574688986747], [1.0418967237847887], [1.0480268870493563]], "body_angle": [[0.03807887741800397], [0.03768110029429381], [0.036579715705939056], [0.04381334231811693], [0.05069328782841803], [0.05668285492901379], [0.06215433677736597], [0.06743820490084595], [0.07254568166951125], [0.07761960479829934], [0.0825534020148263], [0.08717101055044385], [0.09119553154389134], [0.09434871844676578], [0.09635835102756318], [0.09705469729548627]]}, "climb_5": {"tag": "unknowns", "throttle": [[0.8918036894179019], [0.8892362895893852], [0.8817331141505709], [0.8698632375664961], [0.8544881893944922], [0.8366519302502158], [0.817461097564022], [0.797977352487645], [0.7791375204464999], [0.761708443366349], [0.7462749756073395], [0.7332535211324943], [0.7229208223146311], [0.7154480580463416], [0.7109325965683644], [0.7094226566318149]], "body_angle": [[0.08985517520020038], [0.09011596303523003], [0.09089201777989231], [0.09216389189174376], [0.09389755818007287], [0.09604241276046505], [0.09852930236272776], [0.10126931424733177], [0.10415411302375203], [0.10705849173059469], [0.10984550302697527], [0.11237408416606345], [0.11450858056358632], [0.11612913468863177], [0.11714165257695501], [0.1174860451880027]]}, "cruise": {"tag": "unknowns", "throttle": [[0.7043914292228142], [0.7033082360332066], [0.7001251727502702], [0.6950349133228584], [0.6883369360381687], [0.6804091473975767], [0.6716751876437885], [0.6625722058705936], [0.6535229697110488], [0.6449146659925823], [0.6370851374537374], [0.6303159654782551], [0.6248309392647041], [0.6207980656462392], [0.618333279278606], [0.6175042739884793]], "body_angle": [[0.11641017129004567], [0.11623113972122502], [0.11570339232961713], [0.11485425905708295], [0.11372701701900313], [0.11237780922429906], [0.11087190827040008], [0.1092797462215159], [0.10767308528305873], [0.10612160491894305], [0.10469006198137863], [0.10343607003928314], [0.10240846090975077], [0.10164614211956023], [0.10117734606381164], [0.10101917240039489]]}, "descent_1": {"tag": "unknowns", "throttle": [[0.5298662204978487], [0.5252537665870626], [0.5101693991667535], [0.4907011846068149], [0.4691824451532128], [0.4513066121427292], [0.4366133683525007], [0.42769040260580343], [0.42070606800759835], [0.42419380999386336], [0.4334858938402484], [0.43216532816009123], [0.42943559901433026], [0.28617880406441004], [0.2824193163405993], [0.2798208059255941]], "body_angle": [[0.09283697996770471], [0.09112933233368052], [0.08618100539950188], [0.07865616731005373], [0.0693532265395305], [0.05920155509473361], [0.04891994630323523], [0.03908113705154455], [0.029947434954373353], [0.021680214578990994], [0.014418644760398575], [0.007812941749791948], [0.0015797653104543347], [-0.003981761979119654], [-0.004295027833993028], [-0.00440082390220243]]}, "descent_2": {"tag": "unknowns", "throttle": [[0.2791680540571512], [0.27858759218499096], [0.2673062504979561], [0.2361647402439159], [0.20399507137864434], [0.17811259372782856], [0.15867532716933325], [0.14484231916367435], [0.13489717117289074], [0.12733021456735474], [0.12122385228151623], [0.11618961308404906], [0.11215806097462706], [0.1091921718402317], [0.10737512652038608], [0.10676318681596422]], "body_angle": [[-0.004400837746348647], [-0.010846895554452635], [-0.010978690152985209], [-0.011195537388700522], [-0.011101731742716621], [-0.010194633972632823], [-0.009401825467068069], [-0.008710301897687917], [-0.0081048508641101], [-0.007570898367709185], [-0.0070979431724928505], [-0.006682883938048249], [-0.006331994227689252], [-0.006060099719556576], [-0.005886138555942515], [-0.005826069019622813]]}, "descent_3": {"tag": "unknowns", "throttle": [[0.13880715197012383], [0.13840604807485085], [0.1372355088491726], [0.13538924876701686], [0.13300911175721777], [0.13026673092022786], [0.1273432396200341], [0.12441055918886765], [0.12161695927769577], [0.1190783594781925], [0.11687560303348275], [0.11505694633159977], [0.11364436993091916], [0.11264200875845559], [0.11204495476035971], [0.11184684338946417]], "body_angle": [[0.017789095036984243], [0.017603303993298625], [0.017058419570998243], [0.016190416050320903], [0.015054591408946735], [0.01371957838589445], [0.012260648267438962], [0.010753399160796788], [0.009268645090691549], [0.007868924786210436], [0.00660666148520442], [0.005523718451265773], [0.004651942297400505], [0.004014253303491663], [0.003625889995073512], [0.0034955030059348616]]}}, "conditions": {"climb_1": {"tag": "aerodynamic_conditions", "frames": {"inertial": {"position_vector": [[0.0, 0.0, -0.0], [208.25522400091887, 0.0, -33.324908880946325], [823.919143395447, 0.0, -131.84317709503367], [1820.084290622736, 0.0, -291.24908357820516], [3153.2134686182812, 0.0, -504.5758253027412], [4765.042535240074, 0.0, -762.4999999999999], [6585.126825862822, 0.0, -1053.749083578205], [8533.919923252863, 0.0, -1365.5940935168285], [10526.250217707473, 0.0, -1684.4059064831713], [12475.043315097513, 0.0, -1996.250916421795], [14295.12760572027, 0.0, -2287.4999999999995], [15906.956672342072, 0.0, -2545.424174697258], [17240.085850337626, 0.0, -2758.750916421795], [18236.25099756492, 0.0, -2918.1568229049667], [18851.914916959428, 0.0, -3016.675091119054], [19060.17014096036, 0.0, -3050.0]], "velocity_vector": [[126.98447779157891, 0.0, -20.32], [126.98447779157891, 0.0, -20.32], [126.98447779157891, 0.0, -20.32], [126.98447779157891, 0.0, -20.32], [126.98447779157891, 0.0, -20.32], [126.98447779157891, 0.0, -20.32], [126.98447779157891, 0.0, -20.32], [126.98447779157891, 0.0, -20.32], [126.98447779157891, 0.0, -20.32], [126.98447779157891, 0.0, -20.32], [126.98447779157891, 0.0, -20.32], [126.98447779157891, 0.0, -20.32], [126.98447779157891, 0.0, -20.32], [126.98447779157891, 0.0, -20.32], [126.98447779157891, 0.0, -20.32], [126.98447779157891, 0.0, -20.32]], "acceleration_vector": [[-8.881784197001252e-16, 0.0, 4.945149317359303e-16], [-4.6074255521944e-15, 0.0, 2.6983936671475023e-16], [-9.43689570931383e-16, 0.0, 4.09029696403912e-16], [4.440892098500626e-16, 0.0, -5.05786484995727e-17], [5.551115123125783e-16, 0.0, 1.6906678383974266e-17], [3.3306690738754696e-16, 0.0, -3.733644844417991e-18], [1.4432899320127035e-15, 0.0, -1.330079628463808e-16], [-2.55351295663786e-15, 0.0, 2.373591777225956e-16], [-2.220446049250313e-16, 0.0, -1.1967800351022724e-17], [-4.440892098500626e-16, 0.0, 3.299393157472408e-17], [1.3322676295501878e-15, 0.0, -1.2646672052026544e-16], [8.881784197001252e-16, 0.0, -1.32499849348392e-16], [-2.6645352591003757e-15, 0.0, 3.5756912668166964e-16], [1.7763568394002505e-15, 0.0, -7.152859638593101e-16], [0.0, 0.0, 1.130153164960341e-15], [-2.842170943040401e-14, 0.0, 1.846966305458179e-15]], "gravity_force_vector": [[0.0, 0.0, 1814230.25], [0.0, 0.0, 1814030.197738468], [0.0, 0.0, 1813437.5531423036], [0.0, 0.0, 1812474.691153897], [0.0, 0.0, 1811178.35866456], [0.0, 0.0, 1809598.8343024638], [0.0, 0.0, 1807798.698837638], [0.0, 0.0, 1805851.152851187], [0.0, 0.0, 1803837.7996780921], [0.0, 0.0, 1801845.8118394713], [0.0, 0.0, 1799964.4341512846], [0.0, 0.0, 1798280.8573045363], [0.0, 0.0, 1796875.619798298], [0.0, 0.0, 1795817.8429640091], [0.0, 0.0, 1795160.7353020068], [0.0, 0.0, 1794937.8728403028]], "total_force_vector": [[0.0008290110272355378, 0.0, 0.0006232014857232571], [0.0007476664031855762, 0.0, 0.0005100469570606947], [0.000495657732244581, 0.0, 0.00020522251725196838], [6.782717537134886e-05, 0.0, -0.00019342848099768162], [-0.0004916975158266723, 0.0, -0.0005465399008244276], [-0.0010484163649380207, 0.0, -0.0007155623752623796], [-0.001381292415317148, 0.0, -0.0006211788859218359], [-0.0012610112898983061, 0.0, -0.00029390561394393444], [-0.0005903337732888758, 0.0, 0.00012082885950803757], [0.0004639934631995857, 0.0, 0.00042677600868046284], [0.0014582400908693671, 0.0, 0.0004890314303338528], [0.0018542655743658543, 0.0, 0.0003191691357642412], [0.0013489630073308945, 0.0, 5.71452546864748e-05], [0.0001414951402693987, 0.0, -0.00014544581063091755], [-0.001097548520192504, 0.0, -0.0002359186764806509], [-0.0016195260686799884, 0.0, -0.0002548699267208576]], "time": [[0.0], [1.6400053583142848], [6.488345329479993], [14.33312419184078], [24.831487465686042], [37.52460629921253], [51.85773049105332], [67.20443373606429], [82.89399146078586], [98.24069470579683], [112.5738188976376], [125.26693773116406], [135.76530100500938], [143.61007986737016], [148.45841983853586], [150.09842519685014]]}, "body": {"inertial_rotations": [[0.0, 0.23185085417816328, 0.0], [0.0, 0.2320611522762278, 0.0], [0.0, 0.23268706290681085, 0.0], [0.0, 0.23371327309874154, 0.0], [0.0, 0.2351131211212206, 0.0], [0.0, 0.23684712208933062, 0.0], [0.0, 0.23886138206839896, 0.0], [0.0, 0.2410863795419074, 0.0], [0.0, 0.24343669550409147, 0.0], [0.0, 0.2458122990391464, 0.0], [0.0, 0.24810189426243348, 0.0], [0.0, 0.2501885715325161, 0.0], [0.0, 0.25195758590021783, 0.0], [0.0, 0.25330557429872996, 0.0], [0.0, 0.25415004519077466, 0.0], [0.0, 0.2544376843328678, 0.0]], "transform_to_inertial": [[[0.9732427743692098, 0.0, 0.22977924653485016], [0.0, 1.0, 0.0], [-0.22977924653485016, 0.0, 0.9732427743692098]], [[0.973194430710073, 0.0, 0.22998391255671954], [0.0, 1.0, 0.0], [-0.22998391255671954, 0.0, 0.973194430710073]], [[0.9730502907124173, 0.0, 0.23059300020703166], [0.0, 1.0, 0.0], [-0.23059300020703166, 0.0, 0.9730502907124173]], [[0.9728131415037855, 0.0, 0.2315914327377758], [0.0, 1.0, 0.0], [-0.2315914327377758, 0.0, 0.9728131415037855]], [[0.9724879956507743, 0.0, 0.23295299593510221], [0.0, 1.0, 0.0], [-0.23295299593510221, 0.0, 0.9724879956507743]], [[0.9720825931143999, 0.0, 0.23463893999927646], [0.0, 1.0, 0.0], [-0.23463893999927646, 0.0, 0.9720825931143999]], [[0.9716079976205105, 0.0, 0.23659648974543565], [0.0, 1.0, 0.0], [-0.23659648974543565, 0.0, 0.9716079976205105]], [[0.971079166435974, 0.0, 0.23875772765297837], [0.0, 1.0, 0.0], [-0.23875772765297837, 0.0, 0.971079166435974]], [[0.9705153287420134, 0.0, 0.24103940897036238], [0.0, 1.0, 0.0], [-0.24103940897036238, 0.0, 0.9705153287420134]], [[0.9699399766620318, 0.0, 0.24334428629589253], [0.0, 1.0, 0.0], [-0.24334428629589253, 0.0, 0.9699399766620318]], [[0.9693802749022995, 0.0, 0.24556441645796784], [0.0, 1.0, 0.0], [-0.24556441645796784, 0.0, 0.9693802749022995]], [[0.9688657511402877, 0.0, 0.24758666415492972], [0.0, 1.0, 0.0], [-0.24758666415492972, 0.0, 0.9688657511402877]], [[0.9684262510130074, 0.0, 0.2493002132949179], [0.0, 1.0, 0.0], [-0.2493002132949179, 0.0, 0.9684262510130074]], [[0.9680893174691826, 0.0, 0.25060541375248097], [0.0, 1.0, 0.0], [-0.25060541375248097, 0.0, 0.9680893174691826]], [[0.9678773433297596, 0.0, 0.25142284754756594], [0.0, 1.0, 0.0], [-0.25142284754756594, 0.0, 0.9678773433297596]], [[0.9678049842393024, 0.0, 0.2517012365515187], [0.0, 1.0, 0.0], [-0.2517012365515187, 0.0, 0.9678049842393024]]], "thrust_force_vector": [[510132.998995178, 0.0, 0.0], [510570.48005312326, 0.0, 0.0], [511875.50042987335, 0.0, 0.0], [514024.4240843656, 0.0, 0.0], [516973.53646864236, 0.0, 0.0], [520653.3894041829, 0.0, 0.0], [524962.5090409595, 0.0, 0.0], [529761.9953617207, 0.0, 0.0], [534872.7682294339, 0.0, 0.0], [540077.1847320765, 0.0, 0.0], [545126.3591973538, 0.0, 0.0], [549753.7094039115, 0.0, 0.0], [553694.0936342957, 0.0, 0.0], [556706.6030729642, 0.0, 0.0], [558597.9588719833, 0.0, 0.0], [559242.8785147448, 0.0, 0.0]]}, "wind": {"body_rotations": [[0.0, 0.07317652230679393, 0.0], [0.0, 0.07338682040485847, 0.0], [0.0, 0.07401273103544151, 0.0], [0.0, 0.07503894122737217, 0.0], [0.0, 0.0764387892498512, 0.0], [0.0, 0.07817279021796127, 0.0], [0.0, 0.08018705019702961, 0.0], [0.0, 0.08241204767053803, 0.0], [0.0, 0.08476236363272213, 0.0], [0.0, 0.08713796716777703, 0.0], [0.0, 0.08942756239106413, 0.0], [0.0, 0.09151423966114677, 0.0], [0.0, 0.09328325402884846, 0.0], [0.0, 0.0946312424273606, 0.0], [0.0, 0.09547571331940533, 0.0], [0.0, 0.09576335246149843, 0.0]], "velocity_vector": [[0.0, 0.0, 0.0], [0.0, 0.0, 0.0], [0.0, 0.0, 0.0], [0.0, 0.0, 0.0], [0.0, 0.0, 0.0], [0.0, 0.0, 0.0], [0.0, 0.0, 0.0], [0.0, 0.0, 0.0], [0.0, 0.0, 0.0], [0.0, 0.0, 0.0], [0.0, 0.0, 0.0], [0.0, 0.0, 0.0], [0.0, 0.0, 0.0], [0.0, 0.0, 0.0], [0.0, 0.0, 0.0], [0.0, 0.0, 0.0]], "lift_force_vector": [[0.0, 0.0, -1754142.7453521034], [0.0, 0.0, -1753806.1377437762], [0.0, 0.0, -1752805.7345751547], [0.0, 0.0, -1751170.0334746968], [0.0, 0.0, -1748947.2861454166], [0.0, 0.0, -1746206.4779386856], [0.0, 0.0, -1743038.3456697653], [0.0, 0.0, -1739555.9952452532], [0.0, 0.0, -1735894.4907790413], [0.0, 0.0, -1732208.6431724275], [0.0, 0.0, -1728668.223857134], [0.0, 0.0, -1725450.0687165172], [0.0, 0.0, -1722727.0721011388], [0.0, 0.0, -1720654.8505304423], [0.0, 0.0, -1719357.6933792348], [0.0, 0.0, -1718916.0247224427]], "drag_force_vector": [[-222102.46812926215, 0.0, 0.0], [-222562.52722469278, 0.0, 0.0], [-223934.0874032027, 0.0, 0.0], [-226189.99372430425, 0.0, 0.0], [-229280.88149466808, 0.0, 0.0], [-233129.84608416332, 0.0, 0.0], [-237626.60624228537, 0.0, 0.0], [-242622.67716082672, 0.0, 0.0], [-247929.27550093166, 0.0, 0.0], [-253319.61978251886, 0.0, 0.0], [-258536.86710628722, 0.0, 0.0], [-263308.1040168304, 0.0, 0.0], [-267363.6656091415, 0.0, 0.0], [-270459.81222814874, 0.0, 0.0], [-272401.76497460535, 0.0, 0.0], [-273063.60434858163, 0.0, 0.0]], "transform_to_inertial": [[[0.9874376189080787, 0.0, 0.15800933125972005], [0.0, 1.0, 0.0], [-0.15800933125972005, 0.0, 0.9874376189080787]], [[0.9874376189080787, 0.0, 0.15800933125972005], [0.0, 1.0, 0.0], [-0.15800933125972005, 0.0, 0.9874376189080787]], [[0.9874376189080787, 0.0, 0.15800933125972005], [0.0, 1.0, 0.0], [-0.15800933125972005, 0.0, 0.9874376189080787]], [[0.9874376189080786, 0.0, 0.15800933125972005], [0.0, 1.0, 0.0], [-0.15800933125972005, 0.0, 0.9874376189080786]], [[0.9874376189080787, 0.0, 0.15800933125972008], [0.0, 1.0, 0.0], [-0.15800933125972008, 0.0, 0.9874376189080787]], [[0.9874376189080787, 0.0, 0.15800933125972005], [0.0, 1.0, 0.0], [-0.15800933125972005, 0.0, 0.9874376189080787]], [[0.9874376189080787, 0.0, 0.15800933125972005], [0.0, 1.0, 0.0], [-0.15800933125972005, 0.0, 0.9874376189080787]], [[0.9874376189080786, 0.0, 0.15800933125972005], [0.0, 1.0, 0.0], [-0.15800933125972005, 0.0, 0.9874376189080786]], [[0.9874376189080787, 0.0, 0.15800933125972005], [0.0, 1.0, 0.0], [-0.15800933125972005, 0.0, 0.9874376189080787]], [[0.9874376189080788, 0.0, 0.15800933125972008], [0.0, 1.0, 0.0], [-0.15800933125972008, 0.0, 0.9874376189080788]], [[0.9874376189080788, 0.0, 0.15800933125972005], [0.0, 1.0, 0.0], [-0.15800933125972005, 0.0, 0.9874376189080788]], [[0.9874376189080787, 0.0, 0.15800933125972005], [0.0, 1.0, 0.0], [-0.15800933125972005, 0.0, 0.9874376189080787]], [[0.9874376189080787, 0.0, 0.1580093312597201], [0.0, 1.0, 0.0], [-0.1580093312597201, 0.0, 0.9874376189080787]], [[0.9874376189080786, 0.0, 0.15800933125972005], [0.0, 1.0, 0.0], [-0.15800933125972005, 0.0, 0.9874376189080786]], [[0.9874376189080787, 0.0, 0.1580093312597201], [0.0, 1.0, 0.0], [-0.1580093312597201, 0.0, 0.9874376189080787]], [[0.9874376189080787, 0.0, 0.15800933125972008], [0.0, 1.0, 0.0], [-0.15800933125972008, 0.0, 0.9874376189080787]]]}, "planet": {"start_time": null, "latitude": [[0.0], [0.0018728793266465187], [0.0074096062039344535], [0.01636803714346203], [0.028356407121534914], [0.04285049286533063], [0.05921657131320547], [0.07673916165495195], [0.09465233065658243], [0.1121731869612922], [0.12853609716582895], [0.1430261282780117], [0.15501025831882084], [0.1639649971391114], [0.16949921811617197], [0.17137121105454384]], "longitude": [[0.0], [0.0], [0.0], [0.0], [0.0], [0.0], [0.0], [0.0], [0.0], [0.0], [0.0], [0.0], [0.0], [0.0], [0.0], [0.0]]}}, "weights": {"total_mass": [[185000.0], [184979.6003465473], [184919.16741622303], [184820.9828181792], [184688.7936925005], [184527.7270324182], [184344.16430051424], [184145.56987872382], [183940.26499141828], [183737.13876190866], [183545.29162877076], [183373.6145681284], [183230.32022130882], [183122.45700254512], [183055.45066888357], [183032.72502233717]], "weight_breakdown": {}, "vehicle_mass_rate": [[12.43226280648856], [12.445290860303986], [12.484115102143322], [12.547923054875286], [12.635257333398222], [12.743881065834552], [12.870629795375581], [13.01128854511077], [13.16053927562209], [13.312024058266243], [13.458559766565617], [13.592519171993436], [13.70636236206744], [13.793266874576384], [13.847773833002442], [13.866350480896273]]}, "energies": {"total_energy": [[0.0], [0.0], [0.0], [0.0], [0.0], [0.0], [0.0], [0.0], [0.0], [0.0], [0.0], [0.0], [0.0], [0.0], [0.0], [0.0]], "total_efficiency": [[0.0], [0.0], [0.0], [0.0], [0.0], [0.0], [0.0], [0.0], [0.0], [0.0], [0.0], [0.0], [0.0], [0.0], [0.0], [0.0]], "gravity_energy": [[0.0], [0.0], [0.0], [0.0], [0.0], [0.0], [0.0], [0.0], [0.0], [0.0], [0.0], [0.0], [0.0], [0.0], [0.0], [0.0]], "propulsion_power": [[0.0], [0.0], [0.0], [0.0], [0.0], [0.0], [0.0], [0.0], [0.0], [0.0], [0.0], [0.0], [0.0], [0.0], [0.0], [0.0]]}, "freestream": {"velocity": [[128.6], [128.6], [128.6], [128.6], [128.6], [128.6], [128.6], [128.6], [128.6], [128.6], [128.6], [128.6], [128.6], [128.6], [128.6], [128.6]], "mach_number": [[0.377908524935029], [0.3780506475086286], [0.37847173462837413], [0.37915603043478335], [0.3800775772812041], [0.3812007214634819], [0.38248091829367026], [0.38386591432857053], [0.38529737866896047], [0.3867130285313582], [0.38804924490086345], [0.3892441043969946], [0.39024067177992955], [0.3909903182077045], [0.3914557720722815], [0.3916135904425522]], "pressure": [[101325.0], [100925.30495714533], [99751.17235108379], [97874.90496004953], [95408.92480186395], [92495.0628470923], [89292.05229651878], [85963.02454142075], [82664.56521123594], [79538.38814639613], [76706.07526060317], [74266.75598448461], [72297.16694736177], [70853.28871972956], [69972.69654930866], [69676.84652331556]], "temperature": [[288.15], [287.93338922530387], [287.2930370831019], [286.2569674963715], [284.8705168668002], [283.19434310757816], [281.3017636396468], [279.27554059106575], [277.2042555141006], [275.17843347608846], [273.2865866909346], [271.6113505992036], [270.22588049061704], [269.19066473737644], [268.5508921055904], [268.3344863156078]], "density": [[1.2250000002007604], [1.221085688859251], [1.2095700043351483], [1.1911141595591042], [1.1667548057295722], [1.1378161090237418], [1.1058047476625388], [1.0723014333897953], [1.0388613596601548], [1.0069328095782075], [0.9777989039178944], [0.9525431084055223], [0.9320354668915364], [0.9169340884116148], [0.9076953520091874], [0.9045864861583481]], "speed_of_sound": [[340.29399051558636], [340.166062001163], [339.7875937189176], [339.1743495482127], [338.35197782492185], [337.355080300706], [336.22592356688614], [335.0128135886654], [333.7681674457756], [332.5463341341031], [331.4012375745093], [330.3839378613667], [329.5402281198462], [328.9084000583468], [328.51731708851713], [328.3849262092067]], "dynamic_viscosity": [[1.789380278077583e-05], [1.7883349180207834e-05], [1.7852423770591522e-05], [1.7802317240828703e-05], [1.7735129242666237e-05], [1.7653691661032368e-05], [1.756146245439015e-05], [1.74623918387703e-05], [1.7360763747951797e-05], [1.726101700520243e-05], [1.7167552399215407e-05], [1.7084533686051912e-05], [1.7015692173785274e-05], [1.6964145669955603e-05], [1.6932242873375704e-05], [1.6921443540629727e-05]], "altitude": [[0.0], [33.324908880946325], [131.84317709503367], [291.24908357820516], [504.5758253027412], [762.4999999999999], [1053.749083578205], [1365.5940935168285], [1684.4059064831713], [1996.250916421795], [2287.4999999999995], [2545.424174697258], [2758.750916421795], [2918.1568229049667], [3016.675091119054], [3050.0]], "gravity": [[9.80665], [9.80665], [9.80665], [9.80665], [9.80665], [9.80665], [9.80665], [9.80665], [9.80665], [9.80665], [9.80665], [9.80665], [9.80665], [9.80665], [9.80665], [9.80665]], "reynolds_number": [[8803886.01326629], [8780884.274243908], [8713141.955197161], [8604345.088739153], [8460308.688129175], [8288529.925071568], [8097645.10892728], [7896854.314525474], [7695374.05104413], [7501965.803795282], [7324569.986434876], [7170054.857333257], [7044072.014120589], [6950996.888606786], [6893925.579813612], [6874698.475969054]], "dynamic_pressure": [[10129.500501660083], [10097.133139463369], [10001.910174447254], [9849.29916311104], [9647.872153481718], [9408.57864919514], [9143.87734232658], [8866.839106671549], [8590.323805802627], [8326.307263746006], [8085.39958051899], [7876.559912543095], [7706.982635016776], [7582.109638393875], [7505.71471185693], [7480.007562313657]], "stagnation_temperature": [[296.3804199909861], [296.16380921629], [295.52345707408807], [294.48738748735764], [293.10093685778634], [291.4247630985643], [289.53218363063297], [287.5059605820519], [285.4346755050868], [283.4088534670746], [281.51700668192075], [279.84177059018975], [278.45630048160325], [277.4210847283626], [276.7813120965765], [276.56490630659397]], "stagnation_pressure": [[111821.34472549436], [111388.38911933292], [110116.40184949184], [108083.29325848776], [105410.2788765673], [102250.42583928685], [98775.257971377], [95161.33337558778], [91578.45663399846], [88180.6615611799], [85100.45480319716], [82446.19955501572], [80302.05479119404], [78729.62091347793], [77770.37374357614], [77448.05481956028]], "isentropic_expansion_factor": 1.4, "specific_heat_at_constant_pressure": 1007.5450000000002, "universal_gas_constant": 287.87}, "aerodynamics": {"angle_of_attack": [[0.07317652230679393], [0.07338682040485847], [0.07401273103544151], [0.07503894122737217], [0.0764387892498512], [0.07817279021796127], [0.08018705019702961], [0.08241204767053803], [0.08476236363272213], [0.08713796716777703], [0.08942756239106413], [0.09151423966114677], [0.09328325402884846], [0.0946312424273606], [0.09547571331940533], [0.09576335246149843]], "side_slip_angle": [[0.0], [0.0], [0.0], [0.0], [0.0], [0.0], [0.0], [0.0], [0.0], [0.0], [0.0], [0.0], [0.0], [0.0], [0.0], [0.0]], "roll_angle": [[0.0], [0.0], [0.0], [0.0], [0.0], [0.0], [0.0], [0.0], [0.0], [0.0], [0.0], [0.0], [0.0], [0.0], [0.0], [0.0]], "lift_coefficient": [[0.4833822538196724], [0.48483872861375493], [0.4891754311364156], [0.49629144487837845], [0.5060098616914179], [0.5180663402469804], [0.5320964367318282], [0.5476251509188783], [0.5640629718550846], [0.5807130271468721], [0.5967933322054625], [0.6114762820590189], [0.6239444112579218], [0.6334575313126501], [0.6394226029670298], [0.6414553391569849]], "drag_coefficient": [[0.0612039082382002], [0.06152728651953721], [0.062495832590456754], [0.06410351745211516], [0.0663361257670044], [0.06916520336457323], [0.07254015424750301], [0.0763794212774437], [0.0805623410246392], [0.08492395175340202], [0.08925546052674682], [0.09331284828194786], [0.09683487746366705], [0.09956953593598977], [0.10130518290847396], [0.10190032812518074]], "lift_breakdown": {"inviscid_wings_lift": [[0.39257547920882474], [0.39373366747073457], [0.3971816354704099], [0.4028374817517336], [0.41055803119228373], [0.42013012426489693], [0.4312610770183409], [0.4435710138782643], [0.45659040276567087], [0.4697663285779714], [0.4824805222025899], [0.49408068918241954], [0.5039242626944298], [0.5114307123333448], [0.5161357124892205], [0.5177387319560326]], "vortex_lift": [[0.22232594172817255], [0.22299485893975227], [0.22498660857865024], [0.22825491572820647], [0.23271863537065435], [0.23825647191527816], [0.24470112885974057], [0.2518344765785146], [0.2593857153970009], [0.2670346580959902], [0.2744219720672099], [0.2811673600973985], [0.28689521632190007], [0.2912654906665886], [0.2940057789961257], [0.2949395888673058]], "compressible_wings": [[0.42401952089444955], [0.425297130362943], [0.42910125538282073], [0.435343372700332], [0.44386829972931396], [0.4544441581113864], [0.4667512602910774], [0.48037293940252485], [0.49479208057463564], [0.5093973922340984], [0.5235029229872479], [0.536382703560543], [0.547319658998177], [0.5556645011514475], [0.5608970201465174], [0.5626801220675307]]}, "drag_breakdown": {"parasite": {"main_wing": {"wetted_area": 576.6392000000001, "skin_friction_coefficient": [[0.0019456196645229284], [0.001946282200774095], [0.0019482453078955818], [0.0019514358599063523], [0.001955733318868935], [0.0019609719974118135], [0.001966944697299902], [0.0019734081041833285], [0.0019800902937430562], [0.0019867005798285767], [0.001992941701237361], [0.0019985240112660734], [0.0020031809421237317], [0.002006684633785116], [0.002008860333775944], [0.0020095980801012447]], "compressibility_factor": [[0.9838278480600297], [0.9838158787348208], [0.9837803907734367], [0.9837226415812956], [0.9836447161713504], [0.9835495048104458], [0.9834406597299916], [0.9833225207093765], [0.9831999992213446], [0.9830784130007756], [0.9829632677512977], [0.9828599901695612], [0.9827736257657357], [0.9827085244931074], [0.982668044731535], [0.9826543093506482]], "parasite_drag_coefficient": [[0.003202881391996883], [0.00320397340991469], [0.0032072090877215947], [0.0032124679205673876], [0.003219551268520221], [0.0032281860788275192], [0.003238030874668925], [0.0032486846381433445], [0.003259699174432654], [0.00327059533877184], [0.0032808831220849247], [0.0032900850425572332], [0.003297761643380821], [0.0033035372653646765], [0.0033071237954702287], [0.003308339936262244]], "form_factor": [[1.022739303103814], [1.0227397340235944], [1.0227410118661635], [1.0227430919404596], [1.0227459000296535], [1.0227493330346127], [1.022753260331761], [1.0227575262388424], [1.0227619539938633], [1.0227663515784873], [1.0227705195402421], [1.0227742606879289], [1.0227773911789715], [1.0227797521463602], [1.0227812207135347], [1.022781719111622]], "reynolds_factor": [[0.9932612290654954], [0.993256809047545], [0.9932437068651735], [0.9932223946466477], [0.9931936536875617], [0.9931585639359554], [0.9931184852612137], [0.9930750271467693], [0.993030003475531], [0.9929853698926009], [0.9929431429480251], [0.9929053028011098], [0.9928736844280929], [0.99284986547029], [0.9928350613404993], [0.9928300391958539]], "reference_area": 358.25}, "vertical_stabilizer": {"wetted_area": 54.690048, "skin_friction_coefficient": [[0.0021609497301553994], [0.0021617176472910784], [0.0021639930995254], [0.0021676916100334086], [0.0021726738763043533], [0.002178748311095312], [0.002185675160979635], [0.0021931726576667233], [0.0022009256309320872], [0.002208596867947018], [0.0022158412299318956], [0.002222322145259128], [0.0022277296339707473], [0.0022317985637176014], [0.002234325498283455], [0.0022351823839900148]], "compressibility_factor": [[0.9838278480600297], [0.9838158787348208], [0.9837803907734367], [0.9837226415812956], [0.9836447161713504], [0.9835495048104458], [0.9834406597299916], [0.9833225207093765], [0.9831999992213446], [0.9830784130007756], [0.9829632677512977], [0.9828599901695612], [0.9827736257657357], [0.9827085244931074], [0.982668044731535], [0.9826543093506482]], "parasite_drag_coefficient": [[0.0003374651426129191], [0.0003375851727045114], [0.0003379408403318591], [0.0003385189431859575], [0.00033929771025932213], [0.00034024719846177453], [0.00034132993569913826], [0.0003425018816568857], [0.000343713773434915], [0.00034491290067160507], [0.0003460453119748845], [0.000347058393196536], [0.0003479036854663681], [0.0003485397397044693], [0.00034893475128368404], [0.00034906870034978415]], "form_factor": [[1.02296824105743], [1.0229685688096322], [1.0229695406937924], [1.0229711226423148], [1.0229732580950577], [1.0229758685099108], [1.0229788544219485], [1.0229820973470074], [1.0229854628334658], [1.0229888049091247], [1.0229919720357767], [1.0229948144725554], [1.0229971926814017], [1.0229989861294586], [1.0230001016193389], [1.0230004801789863]], "reynolds_factor": [[0.9932612290654954], [0.993256809047545], [0.9932437068651735], [0.9932223946466477], [0.9931936536875617], [0.9931585639359554], [0.9931184852612136], [0.9930750271467693], [0.993030003475531], [0.9929853698926009], [0.992943142948025], [0.9929053028011099], [0.9928736844280929], [0.99284986547029], [0.9928350613404993], [0.9928300391958539]], "reference_area": 33.91}, "fuselage": {"wetted_area": 523.0, "skin_friction_coefficient": [[0.0016579712662565778], [0.0016585002392429462], [0.0016600674958249793], [0.0016626143700444983], [0.0016660442140297603], [0.0016702242864167901], [0.0016749887567305123], [0.001680143114480184], [0.001685470249344313], [0.0016907383690085611], [0.0016957107372435277], [0.0017001569557898305], [0.0017038652104007293], [0.0017066546075559196], [0.0017083865129763033], [0.0017089737342793712]], "compressibility_factor": [[0.9838278480600297], [0.9838158787348208], [0.9837803907734367], [0.9837226415812956], [0.9836447161713504], [0.9835495048104458], [0.9834406597299916], [0.9833225207093765], [0.9831999992213446], [0.9830784130007756], [0.9829632677512977], [0.9828599901695612], [0.9827736257657357], [0.9827085244931074], [0.982668044731535], [0.9826543093506482]], "parasite_drag_coefficient": [[0.0024851218453727443], [0.0024859120168390617], [0.002488253142283719], [0.002492057537787235], [0.002497180759811692], [0.002503424440260351], [0.002510540791747461], [0.0025182392119664863], [0.002526195382078983], [0.0025340631047492796], [0.0025414888529778994], [0.002548128615023371], [0.002553666169520073], [0.002557831488175835], [0.0025604176438273995], [0.002561294500263943]], "form_factor": [[1.0267275075211422], [1.0267263913225493], [1.0267230811277124], [1.026717692026634], [1.0267104152731827], [1.026701516803578], [1.0266913339512582], [1.0266802693091195], [1.0266687806502666], [1.0266573660041878], [1.0266465434447956], [1.026636825884069], [1.0266286921107697], [1.0266225563083822], [1.026618739096745], [1.0266174435135547]], "reynolds_factor": [[0.9932612290654954], [0.993256809047545], [0.9932437068651735], [0.9932223946466477], [0.9931936536875617], [0.9931585639359554], [0.9931184852612136], [0.9930750271467693], [0.9930300034755312], [0.9929853698926009], [0.9929431429480251], [0.9929053028011099], [0.9928736844280929], [0.99284986547029], [0.9928350613404993], [0.9928300391958539]], "reference_area": 7.55}, "turbojet": {"wetted_area": 62.83185307179586, "skin_friction_coefficient": [[0.002052166516651489], [0.00205288064213377], [0.0020549966557442435], [0.0020584358687288713], [0.002063068548255517], [0.0020687163179593897], [0.0020751560335813563], [0.0020821255502662455], [0.0020893317724189633], [0.002096461242866162], [0.0021031932746325946], [0.00210921526723339], [0.0021142394222467553], [0.0021180196552099744], [0.0021203671907415577], [0.002121163223097862]], "compressibility_factor": [[0.9838278480600297], [0.9838158787348208], [0.9837803907734367], [0.9837226415812956], [0.9836447161713504], [0.9835495048104458], [0.9834406597299916], [0.9833225207093765], [0.9831999992213446], [0.9830784130007756], [0.9829632677512977], [0.9828599901695612], [0.9827736257657357], [0.9827085244931074], [0.982668044731535], [0.9826543093506482]], "parasite_drag_coefficient": [[0.0016389150069874992], [0.0016394783580001581], [0.0016411475676854715], [0.0016438604297057855], [0.0016475144101490101], [0.0016519685785835578], [0.0016570467113120315], [0.001662541889027956], [0.0016682228893729054], [0.001673842568475517], [0.0016791482264853666], [0.0016838936697670874], [0.0016878523501281065], [0.00169083063782579], [0.0016926800461853236], [0.001693307146852232]], "form_factor": [[1.1383876458078797], [1.1383828070605893], [1.1383684569075796], [1.1383450931918795], [1.1383135434244442], [1.1382749586592054], [1.1382307996237377], [1.1381828105100273], [1.1381329756424137], [1.1380834550359844], [1.1380364968533696], [1.1379943279842712], [1.1379590281103065], [1.1379323969833068], [1.1379158282124489], [1.137910204505954]], "reynolds_factor": [[0.9932612290654954], [0.993256809047545], [0.9932437068651735], [0.9932223946466477], [0.9931936536875617], [0.9931585639359554], [0.9931184852612136], [0.9930750271467693], [0.993030003475531], [0.9929853698926009], [0.9929431429480251], [0.9929053028011099], [0.9928736844280929], [0.99284986547029], [0.9928350613404993], [0.9928300391958539]], "reference_area": 2.0106192982974678}, "total": [[0.007664383386970046], [0.0076669489574584205], [0.007674550638022644], [0.007686904831246366], [0.0077035441487402455], [0.007723826296133203], [0.007746948313427556], [0.007771967620794673], [0.007797831219319458], [0.007823413912668241], [0.007847565513523076], [0.007869165720544228], [0.007887183848495368], [0.007900739131070771], [0.007909156236766636], [0.007912010283728203]]}, "compressible": {"main_wing": {"crest_critical": [[0.93], [0.93], [0.93], [0.93], [0.93], [0.93], [0.93], [0.93], [0.93], [0.93], [0.93], [0.93], [0.93], [0.93], [0.93], [0.93]], "compressibility_drag": [[3.570370321264776e-09], [3.590079779822868e-09], [3.6490725873543148e-09], [3.746869933165586e-09], [3.882436402526342e-09], [4.05383694756316e-09], [4.257792015818294e-09], [4.4891854570218064e-09], [4.740616053254513e-09], [5.002121414064268e-09], [5.261226694033954e-09], [5.5034583960423e-09], [5.7133960670411185e-09], [5.876208639682205e-09], [5.979462949265372e-09], [6.014854725128155e-09]], "divergence_mach": [[0.95], [0.95], [0.95], [0.95], [0.95], [0.95], [0.95], [0.95], [0.95], [0.95], [0.95], [0.95], [0.95], [0.95], [0.95], [0.95]]}, "vertical_stabilizer": {"crest_critical": [[0.93], [0.93], [0.93], [0.93], [0.93], [0.93], [0.93], [0.93], [0.93], [0.93], [0.93], [0.93], [0.93], [0.93], [0.93], [0.93]], "compressibility_drag": [[3.379518704650064e-10], [3.398174608061227e-10], [3.4540139968509363e-10], [3.5465836548121423e-10], [3.674903514575526e-10], [3.837141964881138e-10], [4.030194759424936e-10], [4.249219228125874e-10], [4.487209779926323e-10], [4.734736556899353e-10], [4.979991547653632e-10], [5.209274925604867e-10], [5.40799052710019e-10], [5.562100068991586e-10], [5.659834992591451e-10], [5.693334926143634e-10]], "divergence_mach": [[0.95], [0.95], [0.95], [0.95], [0.95], [0.95], [0.95], [0.95], [0.95], [0.95], [0.95], [0.95], [0.95], [0.95], [0.95], [0.95]]}, "fuselage": [[0.0], [0.0], [0.0], [0.0], [0.0], [0.0], [0.0], [0.0], [0.0], [0.0], [0.0], [0.0], [0.0], [0.0], [0.0], [0.0]], "turbojet": [[0.0], [0.0], [0.0], [0.0], [0.0], [0.0], [0.0], [0.0], [0.0], [0.0], [0.0], [0.0], [0.0], [0.0], [0.0], [0.0]], "total": [[3.908322191729782e-09], [3.9298972406289906e-09], [3.994473987039408e-09], [4.101528298646801e-09], [4.249926753983894e-09], [4.437551144051274e-09], [4.660811491760787e-09], [4.9141073798343935e-09], [5.1893370312471456e-09], [5.4755950697542034e-09], [5.759225848799317e-09], [6.024385888602787e-09], [6.254195119751138e-09], [6.432418646581364e-09], [6.5454464485245175e-09], [6.584188217742519e-09]]}, "induced": {"aspect_ratio": 1.83, "total": [[0.052105772567456694], [0.052420244506115835], [0.05336219773246461], [0.05492600506126344], [0.057098197276635065], [0.05985152042943029], [0.06313717356429696], [0.06687614128788952], [0.07095117912707186], [0.0752016850972325], [0.07942411044151632], [0.08338034110188514], [0.08681529253012399], [0.0894827747872885], [0.0911759722474709], [0.09175659386442127]], "efficiency_factor": 0.78}, "miscellaneous": {"nacelle_base": {"turbojet": [[0.00011692366238063898], [0.00011692366238063898], [0.00011692366238063898], [0.00011692366238063898], [0.00011692366238063898], [0.00011692366238063898], [0.00011692366238063898], [0.00011692366238063898], [0.00011692366238063898], [0.00011692366238063898], [0.00011692366238063898], [0.00011692366238063898], [0.00011692366238063898], [0.00011692366238063898], [0.00011692366238063898], [0.00011692366238063898]]}, "fuselage_upsweep": [[1.6748080949057922e-05], [1.6748080949057922e-05], [1.6748080949057922e-05], [1.6748080949057922e-05], [1.6748080949057922e-05], [1.6748080949057922e-05], [1.6748080949057922e-05], [1.6748080949057922e-05], [1.6748080949057922e-05], [1.6748080949057922e-05], [1.6748080949057922e-05], [1.6748080949057922e-05], [1.6748080949057922e-05], [1.6748080949057922e-05], [1.6748080949057922e-05], [1.6748080949057922e-05]], "total": [[0.00023367174332969691], [0.00023367174332969691], [0.00023367174332969691], [0.00023367174332969691], [0.00023367174332969691], [0.00023367174332969691], [0.00023367174332969691], [0.00023367174332969691], [0.00023367174332969691], [0.00023367174332969691], [0.00023367174332969691], [0.00023367174332969691], [0.00023367174332969691], [0.00023367174332969691], [0.00023367174332969691], [0.00023367174332969691]], "fuselage_base": [[0.0], [0.0], [0.0], [0.0], [0.0], [0.0], [0.0], [0.0], [0.0], [0.0], [0.0], [0.0], [0.0], [0.0], [0.0], [0.0]], "control_gaps": [[0.0001], [0.0001], [0.0001], [0.0001], [0.0001], [0.0001], [0.0001], [0.0001], [0.0001], [0.0001], [0.0001], [0.0001], [0.0001], [0.0001], [0.0001], [0.0001]], "trim_correction_factor": 1.02}, "untrimmed": [[0.060003831606078625], [0.06032086913680119], [0.061270424108290936], [0.0628465857373678], [0.06503541741863177], [0.06780902290644433], [0.0711177982818657], [0.07488178556612127], [0.07898268727905804], [0.0832587762288255], [0.08750535345759493]