{"unknowns": {"tag": "unknowns", "climb_250kcas": {"tag": "unknowns", "body_angle": [[0.23277714747818087], [0.23219602958812513], [0.2305034738707431], [0.22784462095095184], [0.2244381444197189], [0.22054537943627725], [0.21643564670153181], [0.21235531778939912], [0.20850650216257902], [0.20503684388269075], [0.20204302195239215], [0.19957860150328816], [0.19766531739579332], [0.19630597033299832], [0.19549483249639568], [0.195225351469049]], "wind_angle": [[0.04572745726255623], [0.0460091402069088], [0.046841894668985626], [0.04818918005102416], [0.049991112660785895], [0.05216657017372982], [0.05461666403973584], [0.05722976513904186], [0.059887417560089334], [0.06247088897124376], [0.0648673756282055], [0.06697498824710242], [0.06870691554016108], [0.06999403822578401], [0.0707863957434236], [0.07105386463119259]]}, "climb_280kcas": {"tag": "unknowns", "body_angle": [[0.12694575241117398], [0.1255301541378054], [0.12161119276046106], [0.1160434535162813], [0.10988619999982781], [0.10405650101128112], [0.09912404967339959], [0.09529466857224293], [0.09251384923883942], [0.09059654294550354], [0.0893266853257349], [0.0885125161455158], [0.08800697387125589], [0.08770815274288846], [0.08755186092535375], [0.08750339859758331]], "wind_angle": [[0.019635368088861613], [0.02030640977384332], [0.022281282073944055], [0.02544105638276443], [0.029580498660601424], [0.03441486441350527], [0.03960744619919079], [0.04481406997672477], [0.04973085721420519], [0.05412939878440648], [0.05786966606851136], [0.060891126306086354], [0.06319021513096955], [0.06479413291778682], [0.06573813557905492], [0.06604945285029228]]}, "climb_final": {"tag": "unknowns", "body_angle": [[0.0660801860192522], [0.06604463113310968], [0.06594170613914943], [0.06578187108603031], [0.06558027708864336], [0.06535409477293519], [0.0651199393376177], [0.06489196330482326], [0.06468086760267594], [0.06449377054880648], [0.06433468252986654], [0.06420528457354369], [0.06410576117779128], [0.06403553110256328], [0.06399380723071091], [0.06397997516964553]], "wind_angle": [[0.043125552577393776], [0.04322128788436752], [0.04350197783941335], [0.043948807864520066], [0.044532741733268495], [0.045217596648395975], [0.045963614023066104], [0.0467309686823904], [0.047482722149809364], [0.048186888432592265], [0.048817495125899384], [0.04935472692113101], [0.049784383351006545], [0.05009694680683519], [0.05028654931271384], [0.050350073166973416]]}, "cruise": {"tag": "unknowns", "throttle": [[0.8235297819355273], [0.8222702893552833], [0.8185726222310766], [0.8126702603799587], [0.8049242546916741], [0.7957867342717027], [0.7857594114755972], [0.775353466614309], [0.7650558039286909], [0.7553045370059503], [0.7464743754184716], [0.7388708469978155], [0.732731222798204], [0.7282295952762089], [0.7254836403097618], [0.7245609838400505]], "body_angle": [[0.022915343899056223], [0.02281818678286798], [0.02253182131069445], [0.02207116588244005], [0.0214598134063786], [0.02072831815678194], [0.01991213475804559], [0.019049448999572383], [0.018179106975342904], [0.017338787232941605], [0.016563490861567727], [0.015884363771302066], [0.015327823357135305], [0.014914940195200945], [0.014661020904356325], [0.01457534500388401]]}, "descent_m0_77": {"tag": "unknowns", "throttle": [[0.07545083565055813], [0.0756667799243369], [0.07631133426592632], [0.07737322164449777], [0.07882941893931361], [0.0806405982142904], [0.0827475764911602], [0.08507025372300075], [0.08750972654648832], [0.08995337706011138], [0.09228206724803084], [0.09437827634585791], [0.09613408029807362], [0.09745815707149108], [0.09828135037889513], [0.09856061601936776]], "body_angle": [[-0.0405716525922872], [-0.040639717385267914], [-0.040840226642736836], [-0.04116242084468522], [-0.04158931261738518], [-0.04209896958758254], [-0.042666069121154844], [-0.04326354237732817], [-0.043864139255062363], [-0.04444178524465799], [-0.04497265435021367], [-0.04543593667470533], [-0.045814324865593614], [-0.04609427444411262], [-0.046266107410023044], [-0.04632402799994699]]}, "descent_290kcas": {"tag": "unknowns", "throttle": [[-0.0027269655336237954], [-0.0022150402306612992], [-0.000586248291720598], [0.0023803660905466493], [0.00689434368319647], [0.013012427944005237], [0.02056440983666203], [0.02916714818376719], [0.03830108903183], [0.047404973619965124], [0.055953260479983676], [0.06350136964670348], [0.06970133971854545], [0.07429882037076734], [0.07712265228682062], [0.07807459629957966]], "body_angle": [[-0.023088014755460073], [-0.023536215121243757], [-0.024839379835483285], [-0.02688077644841989], [-0.029488667698031632], [-0.03246338611244401], [-0.03560428233290432], [-0.03873090972035708], [-0.041695665789426004], [-0.04438799657836792], [-0.046732136151053524], [-0.048681018406419925], [-0.05020874270785802], [-0.0513032908010029], [-0.05196047090743986], [-0.05217951911381335]]}, "descent_250kcas": {"tag": "unknowns", "throttle": [[0.009528697800546701], [0.00948794203833626], [0.009395161045425047], [0.009328856134776449], [0.009390729017537958], [0.009674028669331088], [0.01023702021203576], [0.011088756497188995], [0.012188715640593234], [0.013456604189736626], [0.014787906539473017], [0.016069702474237706], [0.01719415884477661], [0.018068646036443193], [0.0186226763208744], [0.018812322138038195]], "body_angle": [[0.0008494965505608985], [0.0004994603477001462], [-0.00052516101197718], [-0.002151330881536173], [-0.004267936331855143], [-0.006739179793321069], [-0.009419134305987531], [-0.012164897279739389], [-0.014846579216199147], [-0.01735340315633757], [-0.019596114416859], [-0.021506501680129242], [-0.023035073109421426], [-0.024147895610647757], [-0.02482341451493314], [-0.025049833154370333]]}}, "conditions": {"climb_250kcas": {"tag": "aerodynamic_conditions", "frames": {"inertial": {"position_vector": [[0.0, 0.0, -0.0], [214.6320112150209, 0.0, -40.52571686998881], [849.3498176593935, 0.0, -159.25487320483813], [1876.9672393985418, 0.0, -348.002486486276], [3253.337847576401, 0.0, -594.2487103603771], [4919.101585461323, 0.0, -882.5765340230632], [6802.108354325625, 0.0, -1196.2655436465457], [8820.455606792304, 0.0, -1518.7646833540753], [10886.025140909444, 0.0, -1834.8435446559104], [12908.358396972046, 0.0, -2131.3268827516085], [14798.678741055377, 0.0, -2397.4255991467035], [16473.85982967097, 0.0, -2624.744486913509], [17860.147139118053, 0.0, -2807.0711273185993], [18896.457199800636, 0.0, -2940.05800046609], [19537.105090999077, 0.0, -3020.889416485168], [19753.84053376936, 0.0, -3048.0]], "velocity_vector": [[126.3677671407638, 0.0, -23.916632896213972], [126.38835539334536, 0.0, -23.807593792737563], [126.44807388723865, 0.0, -23.488348418779992], [126.54115651746648, 0.0, -22.981592818092977], [126.65913714402981, 0.0, -22.322205965459943], [126.79226042703272, 0.0, -21.55320386945016], [126.93091668340733, 0.0, -20.721010862032585], [127.06676691456157, 0.0, -19.870949829211693], [127.1933660816793, 0.0, -19.04377919548748], [127.30630964355005, 0.0, -18.273517071848133], [127.40295959745593, 0.0, -17.587034629055008], [127.48203624051652, 0.0, -17.004362299310152], [127.54317363650148, 0.0, -16.53955138339009], [127.58649836448079, 0.0, -16.201954706914517], [127.61231408745162, 0.0, -15.997349607987104], [127.62088546626772, 0.0, -15.9288258839232]], "acceleration_vector": [[0.01218102571106583, 0.0, 0.06436065534387801], [0.012064416148252266, 0.0, 0.06404683973644577], [0.011725511705055258, 0.0, 0.06312359264976355], [0.011194088543116543, 0.0, 0.06163682219985868], [0.01051642345697884, 0.0, 0.05967159668331714], [0.00974811083238658, 0.0, 0.057345741983509384], [0.008946538653780034, 0.0, 0.054803932441024814], [0.008161873798767094, 0.0, 0.05219188868469016], [0.007434130701527986, 0.0, 0.049652571550835474], [0.0067897431676784414, 0.0, 0.047302150616725255], [0.0062415831358826335, 0.0, 0.04521493584932418], [0.005796337705270549, 0.0, 0.04345522938438479], [0.005454512048149951, 0.0, 0.042061977547486695], [0.005213643951879732, 0.0, 0.04105616460267481], [0.005070656538492813, 0.0, 0.04044911710731589], [0.005023309896074579, 0.0, 0.04024642858543608]], "gravity_force_vector": [[0.0, 0.0, 500031.27684999997], [0.0, 0.0, 500004.43344178883], [0.0, 0.0, 499925.606432064], [0.0, 0.0, 499799.7074264419], [0.0, 0.0, 499634.30736579123], [0.0, 0.0, 499438.8555033977], [0.0, 0.0, 499223.8188803941], [0.0, 0.0, 498999.88188726426], [0.0, 0.0, 498777.29958730476], [0.0, 0.0, 498565.442054235], [0.0, 0.0, 498372.5198363605], [0.0, 0.0, 498205.4527277443], [0.0, 0.0, 498069.8349332287], [0.0, 0.0, 497969.95384751196], [0.0, 0.0, 497908.83004571474], [0.0, 0.0, 497888.2572353361]], "total_force_vector": [[621.0982448126742, 0.0, 3281.6851261103293], [615.1195053339761, 0.0, 3265.5090289951186], [597.7457148019603, 0.0, 3217.9288074303768], [570.5109846066916, 0.0, 3141.34431602509], [535.7963692800986, 0.0, 3040.1793953250744], [496.4576828459976, 0.0, 2920.5379186487407], [455.4382191631594, 0.0, 2789.8854277903447], [415.3072137269628, 0.0, 2655.722974137403], [378.10833580499457, 0.0, 2525.3858273726655], [345.18752300020424, 0.0, 2404.8188840165967], [317.19642671257316, 0.0, 2297.8165643861867], [294.47021000634413, 0.0, 2207.648092320829], [277.02916662987263, 0.0, 2136.28523350053], [264.7426333933254, 0.0, 2084.7829447510885], [257.4502765105717, 0.0, 2053.705685825844], [255.03581744109397, 0.0, 2043.3302572015673]], "time": [[0.0], [1.6983325974974304], [6.7191051059751254], [14.842885674473091], [25.714626109923806], [38.85917918689946], [53.70206486137256], [69.59457780530097], [85.8421389422969], [101.73465188622531], [116.57753756069839], [129.72209063767403], [140.5938310731248], [148.71761164162277], [153.73838415010044], [155.43671674759787]]}, "body": {"inertial_rotations": [[0.0, 0.23277714747818087, 0.0], [0.0, 0.23219602958812513, 0.0], [0.0, 0.2305034738707431, 0.0], [0.0, 0.22784462095095184, 0.0], [0.0, 0.2244381444197189, 0.0], [0.0, 0.22054537943627725, 0.0], [0.0, 0.21643564670153181, 0.0], [0.0, 0.21235531778939912, 0.0], [0.0, 0.20850650216257902, 0.0], [0.0, 0.20503684388269075, 0.0], [0.0, 0.20204302195239215, 0.0], [0.0, 0.19957860150328816, 0.0], [0.0, 0.19766531739579332, 0.0], [0.0, 0.19630597033299832, 0.0], [0.0, 0.19549483249639568, 0.0], [0.0, 0.195225351469049, 0.0]], "transform_to_inertial": [[[0.9730295138925974, 0.0, 0.2306806560896158], [0.0, 1.0, 0.0], [-0.2306806560896158, 0.0, 0.9730295138925974]], [[0.9731634022461392, 0.0, 0.23011517231316825], [0.0, 1.0, 0.0], [-0.23011517231316825, 0.0, 0.9731634022461392]], [[0.97355149087864, 0.0, 0.22846771020863613], [0.0, 1.0, 0.0], [-0.22846771020863613, 0.0, 0.97355149087864]], [[0.9741555109427197, 0.0, 0.22587837545884906], [0.0, 1.0, 0.0], [-0.22587837545884906, 0.0, 0.9741555109427197]], [[0.9749193067545849, 0.0, 0.22255863343658364], [0.0, 1.0, 0.0], [-0.22255863343658364, 0.0, 0.9749193067545849]], [[0.9757782862528456, 0.0, 0.218761825000295], [0.0, 1.0, 0.0], [-0.218761825000295, 0.0, 0.9757782862528456]], [[0.9766690959665679, 0.0, 0.2147498008936143], [0.0, 1.0, 0.0], [-0.2147498008936143, 0.0, 0.9766690959665679]], [[0.9775372130449269, 0.0, 0.2107628931106167], [0.0, 1.0, 0.0], [-0.2107628931106167, 0.0, 0.9775372130449269]], [[0.9783411582517401, 0.0, 0.20699898084445673], [0.0, 1.0, 0.0], [-0.20699898084445673, 0.0, 0.9783411582517401]], [[0.9790534836504238, 0.0, 0.20360323217466222], [0.0, 1.0, 0.0], [-0.20360323217466222, 0.0, 0.9790534836504238]], [[0.9796586469513208, 0.0, 0.2006712123188261], [0.0, 1.0, 0.0], [-0.2006712123188261, 0.0, 0.9796586469513208]], [[0.980150209777614, 0.0, 0.19825631458518342], [0.0, 1.0, 0.0], [-0.19825631458518342, 0.0, 0.980150209777614]], [[0.9805277362062302, 0.0, 0.19638064703601898], [0.0, 1.0, 0.0], [-0.19638064703601898, 0.0, 0.9805277362062302]], [[0.9807937796583391, 0.0, 0.1950475885098539], [0.0, 1.0, 0.0], [-0.1950475885098539, 0.0, 0.9807937796583391]], [[0.9809516674660057, 0.0, 0.19425196548725815], [0.0, 1.0, 0.0], [-0.19425196548725815, 0.0, 0.9809516674660057]], [[0.9810039790662292, 0.0, 0.19398761057404032], [0.0, 1.0, 0.0], [-0.19398761057404032, 0.0, 0.9810039790662292]]], "thrust_force_vector": [[122822.54539740604, 0.0, 0.0], [122378.92729324686, 0.0, 0.0], [121082.57534330072, 0.0, 0.0], [119032.46137541147, 0.0, 0.0], [116379.07471627825, 0.0, 0.0], [113305.25509508158, 0.0, 0.0], [110004.54801671924, 0.0, 0.0], [106661.46669589526, 0.0, 0.0], [103437.09754613017, 0.0, 0.0], [100461.05517308212, 0.0, 0.0], [97831.15684732133, 0.0, 0.0], [95616.18679005839, 0.0, 0.0], [93860.98465761308, 0.0, 0.0], [92592.8737812014, 0.0, 0.0], [91827.12132183716, 0.0, 0.0], [91571.14434404059, 0.0, 0.0]]}, "wind": {"body_rotations": [[0.0, 0.045727457262556226, 0.0], [0.0, 0.04600914020690879, 0.0], [0.0, 0.04684189466898564, 0.0], [0.0, 0.048189180051024176, 0.0], [0.0, 0.04999111266078591, 0.0], [0.0, 0.05216657017372981, 0.0], [0.0, 0.05461666403973583, 0.0], [0.0, 0.05722976513904183, 0.0], [0.0, 0.059887417560089314, 0.0], [0.0, 0.062470888971243754, 0.0], [0.0, 0.06486737562820549, 0.0], [0.0, 0.0669749882471024, 0.0], [0.0, 0.06870691554016109, 0.0], [0.0, 0.069994038225784, 0.0], [0.0, 0.07078639574342359, 0.0], [0.0, 0.07105386463119258, 0.0]], "velocity_vector": [[0.0, 0.0, 0.0], [0.0, 0.0, 0.0], [0.0, 0.0, 0.0], [0.0, 0.0, 0.0], [0.0, 0.0, 0.0], [0.0, 0.0, 0.0], [0.0, 0.0, 0.0], [0.0, 0.0, 0.0], [0.0, 0.0, 0.0], [0.0, 0.0, 0.0], [0.0, 0.0, 0.0], [0.0, 0.0, 0.0], [0.0, 0.0, 0.0], [0.0, 0.0, 0.0], [0.0, 0.0, 0.0], [0.0, 0.0, 0.0]], "lift_force_vector": [[0.0, 0.0, -482354.9588947273], [0.0, 0.0, -482411.4723185162], [0.0, 0.0, -482575.0032165995], [0.0, 0.0, -482829.0041576094], [0.0, 0.0, -483148.66113449755], [0.0, 0.0, -483505.16609075415], [0.0, 0.0, -483869.9754779738], [0.0, 0.0, -484219.0820304553], [0.0, 0.0, -484534.61308760266], [0.0, 0.0, -484806.0569907156], [0.0, 0.0, -485029.6833610271], [0.0, 0.0, -485205.40796895156], [0.0, 0.0, -485336.05476922006], [0.0, 0.0, -485425.567161755], [0.0, 0.0, -485477.59436853504], [0.0, 0.0, -485494.63201904326]], "drag_force_vector": [[-29707.91070996858, 0.0, 0.0], [-29692.0807095799, 0.0, 0.0], [-29647.955607289645, 0.0, 0.0], [-29584.78465724014, 0.0, 0.0], [-29515.359579451335, 0.0, 0.0], [-29453.003775336365, 0.0, 0.0], [-29408.72626855929, 0.0, 0.0], [-29389.292663237662, 0.0, 0.0], [-29396.42219656315, 0.0, 0.0], [-29427.164246075386, 0.0, 0.0], [-29475.03365672246, 0.0, 0.0], [-29531.41118192157, 0.0, 0.0], [-29587.11992077326, 0.0, 0.0], [-29633.72915662375, 0.0, 0.0], [-29664.549065784544, 0.0, 0.0], [-29675.309813540545, 0.0, 0.0]], "transform_to_inertial": [[[0.9825571527143622, 0.0, 0.1859608605321173], [0.0, 1.0, 0.0], [-0.1859608605321173, 0.0, 0.9825571527143622]], [[0.9827172341599206, 0.0, 0.18511304028910416], [0.0, 1.0, 0.0], [-0.18511304028910416, 0.0, 0.9827172341599206]], [[0.983181568021726, 0.0, 0.1826307868414859], [0.0, 1.0, 0.0], [-0.1826307868414859, 0.0, 0.983181568021726]], [[0.983905320654167, 0.0, 0.17869057050785034], [0.0, 1.0, 0.0], [-0.17869057050785034, 0.0, 0.983905320654167]], [[0.9848226646188063, 0.0, 0.1735635885003365], [0.0, 1.0, 0.0], [-0.1735635885003365, 0.0, 0.9848226646188063]], [[0.9858577484607295, 0.0, 0.16758430654432088], [0.0, 1.0, 0.0], [-0.16758430654432088, 0.0, 0.9858577484607295]], [[0.9869358532619145, 0.0, 0.16111369136785594], [0.0, 1.0, 0.0], [-0.16111369136785594, 0.0, 0.9869358532619145]], [[0.9879921401564183, 0.0, 0.15450414554030692], [0.0, 1.0, 0.0], [-0.15450414554030692, 0.0, 0.9879921401564183]], [[0.9889764965314157, 0.0, 0.14807258121761324], [0.0, 1.0, 0.0], [-0.14807258121761324, 0.0, 0.9889764965314157]], [[0.989854675414212, 0.0, 0.14208350207052545], [0.0, 1.0, 0.0], [-0.14208350207052545, 0.0, 0.989854675414212]], [[0.9906061653365904, 0.0, 0.13674584160820308], [0.0, 1.0, 0.0], [-0.13674584160820308, 0.0, 0.9906061653365904]], [[0.9912210161249665, 0.0, 0.13221534401191481], [0.0, 1.0, 0.0], [-0.13221534401191481, 0.0, 0.9912210161249665]], [[0.9916963824868367, 0.0, 0.12860126345616485], [0.0, 1.0, 0.0], [-0.12860126345616485, 0.0, 0.9916963824868367]], [[0.9920332486223127, 0.0, 0.12597632169523165], [0.0, 1.0, 0.0], [-0.12597632169523165, 0.0, 0.9920332486223127]], [[0.9922339756259737, 0.0, 0.1243854397165304], [0.0, 1.0, 0.0], [-0.1243854397165304, 0.0, 0.9922339756259737]], [[0.9923006213359912, 0.0, 0.12385264186203787], [0.0, 1.0, 0.0], [-0.12385264186203787, 0.0, 0.9923006213359912]]]}, "planet": {"start_time": null, "latitude": [[0.0], [0.0019302259061914366], [0.0076382906562636145], [0.016879507750773605], [0.02925658954540777], [0.04423542462733055], [0.061166946175118996], [0.07931450898168702], [0.09788573093012617], [0.11606734852861694], [0.13306136549547734], [0.14812069390003005], [0.16058256195937037], [0.1698981202271472], [0.1756569109813221], [0.1776051317244301]], "longitude": [[0.0], [0.0], [0.0], [0.0], [0.0], [0.0], [0.0], [0.0], [0.0], [0.0], [0.0], [0.0], [0.0], [0.0], [0.0], [0.0]]}}, "weights": {"total_mass": [[50989.0], [50986.26273414355], [50978.22461615986], [50965.38649043679], [50948.52037808949], [50928.589834795544], [50906.66220170946], [50883.826983451465], [50861.1299054524], [50839.52644932113], [50819.853857980095], [50802.81775404897], [50788.98858766538], [50778.80355141786], [50772.57065824872], [50770.47281541976]], "weight_breakdown": {}, "vehicle_mass_rate": [[1.6144820072652608], [1.6089984845163774], [1.5929984177957373], [1.5677626505645392], [1.535208809827323], [1.4976239507343412], [1.457385518409783], [1.416725774856615], [1.3775724610813993], [1.3414730114403934], [1.3095888923658585], [1.2827371945075765], [1.2614566212656744], [1.246078608523045], [1.2367908143907855], [1.2336857344491658]]}, "energies": {"total_energy": [[0.0], [0.0], [0.0], [0.0], [0.0], [0.0], [0.0], [0.0], [0.0], [0.0], [0.0], [0.0], [0.0], [0.0], [0.0], [0.0]], "total_efficiency": [[0.0], [0.0], [0.0], [0.0], [0.0], [0.0], [0.0], [0.0], [0.0], [0.0], [0.0], [0.0], [0.0], [0.0], [0.0], [0.0]], "gravity_energy": [[0.0], [0.0], [0.0], [0.0], [0.0], [0.0], [0.0], [0.0], [0.0], [0.0], [0.0], [0.0], [0.0], [0.0], [0.0], [0.0]], "propulsion_power": [[0.0], [0.0], [0.0], [0.0], [0.0], [0.0], [0.0], [0.0], [0.0], [0.0], [0.0], [0.0], [0.0], [0.0], [0.0], [0.0]]}, "freestream": {"velocity": [[128.61111111111111], [128.61111111111111], [128.61111111111111], [128.61111111111111], [128.61111111111111], [128.61111111111111], [128.61111111111111], [128.61111111111111], [128.61111111111111], [128.61111111111111], [128.61111111111111], [128.61111111111111], [128.61111111111111], [128.61111111111111], [128.61111111111111], [128.6111111111111]], "mach_number": [[0.3779411764405531], [0.37811404450812097], [0.37862185622280065], [0.37943333038313076], [0.38049981878637473], [0.38175995895465553], [0.38314513106549414], [0.3845848985551959], [0.3860117262623888], [0.38736450291635843], [0.3885907225555775], [0.38964743184731665], [0.3905011947288444], [0.39112743969922353], [0.39150954332667776], [0.391637948420589]], "pressure": [[101325.0], [100839.10783047367], [99426.46312113425], [97213.8590856377], [94387.52441806468], [91163.40526804171], [87757.89903148302], [84365.22047056389], [81144.23826642215], [78214.43866875986], [75658.62007755904], [73529.38745023464], [71856.98782473821], [70656.75424491087], [69935.22659146361], [69694.57330560466]], "temperature": [[288.15], [287.8865845159221], [287.1148691991684], [285.88810738896973], [284.28774363079225], [282.4140471321151], [280.3757337193784], [278.2803823484555], [276.22695078957116], [274.3010082441312], [272.5725954276293], [271.09618671834454], [269.91207332733177], [269.04843789266886], [268.5235249317283], [268.34747388158985]], "density": [[1.2250000002007604], [1.2202411530198471], [1.2063807716736539], [1.1845958157555814], [1.1566302843240452], [1.1245333636107386], [1.0903951086048511], [1.0561338313058874], [1.0233630653979515], [0.9933393253963425], [0.9669729531621557], [0.9448777874003648], [0.9274378094487438], [0.9148740491967622], [0.9073017468690534], [0.9047728342446282]], "speed_of_sound": [[340.29399051558636], [340.1384132092159], [339.6822159031139], [338.9557553661581], [338.00570923088316], [336.8899961726662], [335.67204874417826], [334.415395909397], [333.17928539737835], [332.01573748455064], [330.9680433575373], [330.07047037719826], [329.34882875432913], [328.82149922800835], [328.50057758055027], [328.3928731364731]], "dynamic_viscosity": [[1.789380278077583e-05], [1.7881089896009745e-05], [1.784381337647226e-05], [1.7784457380737147e-05], [1.7706841039642548e-05], [1.7615702041165032e-05], [1.7516227269904654e-05], [1.7413609043307687e-05], [1.731268685308857e-05], [1.7217706697154553e-05], [1.7132198996446628e-05], [1.7058955482523964e-05], [1.700007659667531e-05], [1.695705649146181e-05], [1.6930877390665183e-05], [1.692209177651962e-05]], "altitude": [[0.0], [40.52571686998881], [159.25487320483813], [348.002486486276], [594.2487103603771], [882.5765340230632], [1196.2655436465457], [1518.7646833540753], [1834.8435446559104], [2131.3268827516085], [2397.4255991467035], [2624.744486913509], [2807.0711273185993], [2940.05800046609], [3020.889416485168], [3048.0]], "gravity": [[9.80665], [9.80665], [9.80665], [9.80665], [9.80665], [9.80665], [9.80665], [9.80665], [9.80665], [9.80665], [9.80665], [9.80665], [9.80665], [9.80665], [9.80665], [9.80665]], "reynolds_number": [[8804646.673886064], [8776678.12342955], [8695112.877194995], [8566591.649116905], [8401018.887481852], [8210145.984390591], [8006114.804683846], [7800252.388145046], [7602278.145949543], [7419947.185573689], [7259048.645557488], [7123635.572310511], [7016368.807596146], [6938879.283274334], [6892087.343460263], [6876445.362198798]], "dynamic_pressure": [[10131.250966166543], [10091.8933538469], [9977.262331902373], [9797.091837488746], [9565.805456028598], [9300.350795674014], [9018.013465914866], [8734.658691481936], [8463.63105579836], [8215.322447758046], [7997.26176683712], [7814.525710155432], [7670.2899604057775], [7566.382525164379], [7503.756488216517], [7482.841346612139]], "stagnation_temperature": [[296.38184227810336], [296.1184267940255], [295.3467114772718], [294.1199496670731], [292.51958590889564], [290.6458894102185], [288.6075759974818], [286.51222462655886], [284.45879306767455], [282.5328505222346], [280.8044377057327], [279.3280289964479], [278.1439156054352], [277.28028017077224], [276.75536720983166], [276.5793161596932]], "stagnation_pressure": [[111823.22288783126], [111296.88672518113], [109766.44110675258], [107368.66679110259], [104304.59535065833], [100807.57240149243], [97111.75032360457], [93427.64988132287], [89927.86556406584], [86742.58255678028], [83962.35993690361], [81645.04381975062], [79824.1666693312], [78516.95814190441], [77730.95080341594], [77468.76249814311]], "isentropic_expansion_factor": 1.4, "specific_heat_at_constant_pressure": 1007.5450000000002, "universal_gas_constant": 287.87}, "aerodynamics": {"angle_of_attack": [[0.045727457262556226], [0.04600914020690879], [0.04684189466898564], [0.048189180051024176], [0.04999111266078591], [0.05216657017372981], [0.05461666403973583], [0.05722976513904183], [0.059887417560089314], [0.062470888971243754], [0.06486737562820549], [0.0669749882471024], [0.06870691554016109], [0.069994038225784], [0.07078639574342359], [0.07105386463119258]], "side_slip_angle": [[0.0], [0.0], [0.0], [0.0], [0.0], [0.0], [0.0], [0.0], [0.0], [0.0], [0.0], [0.0], [0.0], [0.0], [0.0], [0.0]], "roll_angle": [[0.0], [0.0], [0.0], [0.0], [0.0], [0.0], [0.0], [0.0], [0.0], [0.0], [0.0], [0.0], [0.0], [0.0], [0.0], [0.0]], "lift_coefficient": [[0.5175065449614639], [0.5195856492067544], [0.5257334422262812], [0.5356835922939016], [0.5489988173015812], [0.5650852372378918], [0.5832167222941491], [0.6025708705445034], [0.6222719944096573], [0.6414393455347558], [0.6592333637902682], [0.6748933999789187], [0.6877695532890069], [0.6973431283583207], [0.7032384888632289], [0.7052288456995818]], "drag_coefficient": [[0.031872872759031494], [0.0319801246799542], [0.03229948018960341], [0.03282338796129701], [0.0335381194336765], [0.03442250216335949], [0.035446838635218754], [0.03657256048339805], [0.037752865893723925], [0.038934622830646366], [0.040061312228780226], [0.04107653000441798], [0.04192789728077099], [0.042570640676858236], [0.04297057763286861], [0.043106314890747933]], "lift_breakdown": {"inviscid_wings_lift": [[0.42028323053100675], [0.4219395641800305], [0.4268362725699646], [0.4347584920647848], [0.4453540984891691], [0.45814608164950027], [0.4725529635530531], [0.48791834994174466], [0.5035457041023172], [0.5187368639342383], [0.5328285282289495], [0.5452215742751334], [0.5554055400091937], [0.562973994746555], [0.5676331636626564], [0.5692059167446613]], "compressible_wings": [[0.4539531096153192], [0.45577688526908283], [0.4611696861634046], [0.46989788797710674], [0.4815779099136677], [0.49568880459464204], [0.5115936160474993], [0.5285709390741259], [0.545852626675138], [0.5626660925743472], [0.5782748805177792], [0.5920117543674727], [0.6033066256921114], [0.6117044985599305], [0.6168758674238851], [0.6186217944733174]]}, "drag_breakdown": {"parasite": {"main_wing": {"wetted_area": 184.0, "skin_friction_coefficient": [[0.0024476973958791936], [0.002448810098028315], [0.002452079354064451], [0.0024573054799471483], [0.0024641775458288584], [0.002472302662623362], [0.0024812404867392006], [0.002490537824656091], [0.0024997588721042668], [0.002508508029303634], [0.002516444278000427], [0.0025232877059196434], [0.00252881970400692], [0.0025328791270517576], [0.0025353566663644353], [0.002536189353832285]], "compressibility_factor": [[0.9838250985773414], [0.9838105381880833], [0.9837677300420153], [0.9836992118746757], [0.9836089526399929], [0.9835019991642006], [0.9833840526740747], [0.9832610348035513], [0.9831386978728547], [0.9830223200006966], [0.9829165018278245], [0.9828250618277888], [0.982751014453276], [0.9826966039188527], [0.9826633654452769], [0.9826521889476778]], "parasite_drag_coefficient": [[0.0061470063925450754], [0.006149891062984564], [0.006158367351236206], [0.0061719196627315134], [0.006189744697940975], [0.006210826562997825], [0.006234025442943748], [0.006258166769806689], [0.006282119418240532], [0.006304854998434299], [0.006325485531884179], [0.006343280905173792], [0.0063576699375567855], [0.006368230916673014], [0.006374677388758121], [0.00637684416895115]], "form_factor": [[1.2556712285787106], [1.2556896649389455], [1.255743893652623], [1.2558307693319959], [1.255945357593739], [1.256081356238057], [1.256231605977135], [1.2563886217369247], [1.2565450788764116], [1.2566942032440966], [1.2568300413372206], [1.256947610510769], [1.2570429452687046], [1.257113071180298], [1.2571559404892456], [1.2571703605875248]], "reynolds_factor": [[0.9932600767863089], [0.9932546999954462], [0.9932388960439444], [0.993213612934152], [0.9931803307380235], [0.9931409268025565], [0.9930975153138716], [0.993052284295647], [0.9930073508088725], [0.9929646492628821], [0.9929258585333832], [0.9928923661014696], [0.9928652627852966], [0.9928453576141658], [0.9928332022551698], [0.9928291157365328]], "reference_area": 92.0}, "horizontal_stabilizer": {"wetted_area": 52.0, "skin_friction_coefficient": [[0.002613634186965254], [0.0026148542881249746], [0.0026184392228611416], [0.0026241703763277037], [0.002631707262567819], [0.0026406195020720648], [0.0026504245290618453], [0.002660625449662246], [0.0026707441715523995], [0.002680346449304657], [0.0026890577176396048], [0.002696570333758379], [0.0027026438821093775], [0.0027071010404127256], [0.002709821466704248], [0.0027107358113138847]], "compressibility_factor": [[0.9838250985773414], [0.9838105381880833], [0.9837677300420153], [0.9836992118746757], [0.9836089526399929], [0.9835019991642006], [0.9833840526740747], [0.9832610348035513], [0.9831386978728547], [0.9830223200006966], [0.9829165018278245], [0.9828250618277888], [0.982751014453276], [0.9826966039188527], [0.9826633654452769], [0.9826521889476778]], "parasite_drag_coefficient": [[0.0017685468910303512], [0.001769388570293594], [0.0017718617489960028], [0.0017758159781154545], [0.001781016857479081], [0.0017871679540774276], [0.0017939366791138855], [0.001800980310181656], [0.0018079688113274456], [0.0018146021357391129], [0.0018206212182514988], [0.0018258130648035815], [0.0018300110588496705], [0.0018330921940272725], [0.0018349729225071718], [0.0018356050686956814]], "form_factor": [[1.197171200179098], [1.1971820821929673], [1.1972140876049722], [1.1972653518672098], [1.1973329517266094], [1.1974131568958988], [1.1975017345102044], [1.197594264896118], [1.1976864294534089], [1.1977742404510325], [1.197854199006323], [1.1979233816652497], [1.1979794655085767], [1.198020710750913], [1.1980459211408707], [1.1980544006308953]], "reynolds_factor": [[0.9932600767863089], [0.9932546999954462], [0.9932388960439444], [0.993213612934152], [0.9931803307380235], [0.9931409268025565], [0.9930975153138716], [0.993052284295647], [0.9930073508088725], [0.9929646492628821], [0.9929258585333832], [0.9928923661014696], [0.9928652627852967], [0.9928453576141658], [0.9928332022551698], [0.9928291157365328]], "reference_area": 26.0}, "vertical_stabilizer": {"wetted_area": 32.0, "skin_friction_coefficient": [[0.00248123245905946], [0.002482366638070914], [0.002485699020082804], [0.002491026132379401], [0.0024980311306648487], [0.0025063136249497864], [0.002515424825839835], [0.002524902800518729], [0.0025343032902099207], [0.002543222971143292], [0.0025513141221975063], [0.0025582912921268365], [0.0025639315175108282], [0.0025680704237767524], [0.002570596500236388], [0.0025714455053852375]], "compressibility_factor": [[0.9838250985773414], [0.9838105381880833], [0.9837677300420153], [0.9836992118746757], [0.9836089526399929], [0.9835019991642006], [0.9833840526740747], [0.9832610348035513], [0.9831386978728547], [0.9830223200006966], [0.9829165018278245], [0.9828250618277888], [0.982751014453276], [0.9826966039188527], [0.9826633654452769], [0.9826521889476778]], "parasite_drag_coefficient": [[0.001030842031629078], [0.0010313223661252478], [0.0010327337338302328], [0.0010349901662969616], [0.0010379577494832371], [0.0010414671754615903], [0.0010453285508656167], [0.0010493462750276598], [0.0010533320721941165], [0.0010571148571278644], [0.0010605469865874228], [0.0010635071356964575], [0.0010659004445168303], [0.0010676569144254793], [0.0010687290203567044], [0.0010690893664561875]], "form_factor": [[1.1944349793235467], [1.1944455573711206], [1.1944766686447066], [1.1945265003147547], [1.194592210294066], [1.1946701720188992], [1.1947562705378205], [1.1948462095589267], [1.1949357913303436], [1.1950211399971555], [1.1950988551000545], [1.1951660956424524], [1.19522060439469], [1.1952606908883165], [1.1952851928503654], [1.1952934340333483]], "reynolds_factor": [[0.9932600767863089], [0.9932546999954462], [0.9932388960439444], [0.993213612934152], [0.9931803307380235], [0.9931409268025565], [0.9930975153138715], [0.993052284295647], [0.9930073508088725], [0.9929646492628821], [0.9929258585333832], [0.9928923661014696], [0.9928652627852967], [0.9928453576141658], [0.9928332022551698], [0.9928291157365328]], "reference_area": 16.0}, "fuselage": {"wetted_area": 327.01, "skin_friction_coefficient": [[0.0017765500418329896], [0.0017772590866988267], [0.0017793420093550943], [0.0017826706531581785], [0.0017870456748714518], [0.0017922155688491043], [0.0017978989945242733], [0.001803807056362487], [0.0018096626465785104], [0.0018152149077364822], [0.0018202482110637379], [0.0018245860797336355], [0.00182809108021952], [0.0018306621752018633], [0.0018322309863636676], [0.0018327581915327704]], "compressibility_factor": [[0.9838250985773414], [0.9838105381880833], [0.9837677300420153], [0.9836992118746757], [0.9836089526399929], [0.9835019991642006], [0.9833840526740747], [0.9832610348035513], [0.9831386978728547], [0.9830223200006966], [0.9829165018278245], [0.9828250618277888], [0.982751014453276], [0.9826966039188527], [0.9826633654452769], [0.9826521889476778]], "parasite_drag_coefficient": [[0.007434892687238576], [0.007437814037403126], [0.007446395563528028], [0.007460108256526974], [0.007478129481050745], [0.00749942174518743], [0.0075228250618481025], [0.0075471490001299815], [0.007571252470072731], [0.007594103238036596], [0.007614814725186661], [0.007632661916695908], [0.007647080653036464], [0.007657656495674572], [0.007664109153971111], [0.007666277522133407]], "form_factor": [[1.177400058231633], [1.1773927741582604], [1.177371351860784], [1.177337042403417], [1.1772918065354434], [1.1772381450718163], [1.1771788939760979], [1.1771170121935843], [1.1770553886371613], [1.1769966885502476], [1.1769432483264444], [1.176897018334021], [1.1768595469293295], [1.1768319928363367], [1.1768151522288615], [1.1768094881321303]], "reynolds_factor": [[0.9932600767863089], [0.9932546999954462], [0.9932388960439444], [0.993213612934152], [0.9931803307380235], [0.9931409268025565], [0.9930975153138716], [0.993052284295647], [0.9930073508088725], [0.9929646492628821], [0.9929258585333832], [0.9928923661014696], [0.9928652627852966], [0.9928453576141658], [0.9928332022551698], [0.9928291157365327]], "reference_area": 8.011}, "turbofan": {"wetted_area": 19.198429785719906, "skin_friction_coefficient": [[0.002563061149698648], [0.0025642482209528397], [0.0025677360691666565], [0.00257331189755534], [0.002580644304649372], [0.0025893144358267034], [0.0025988527071626904], [0.0026087756640018676], [0.0026186182220139555], [0.002627958026375377], [0.0026364308363861985], [0.002643737545993534], [0.002649644454443804], [0.0026539792220016266], [0.0026566249056531373], [0.002657514121952193]], "compressibility_factor": [[0.9838250985773414], [0.9838105381880833], [0.9837677300420153], [0.9836992118746757], [0.9836089526399929], [0.9835019991642006], [0.9833840526740747], [0.9832610348035513], [0.9831386978728547], [0.9830223200006966], [0.9829165018278245], [0.9828250618277888], [0.982751014453276], [0.9826966039188527], [0.9826633654452769], [0.9826521889476778]], "parasite_drag_coefficient": [[0.0013529290387963976], [0.0013535556423290933], [0.0013553967264296194], [0.0013583399648862135], [0.001362210425207833], [0.0013667870121696246], [0.0013718218527437142], [0.0013770597521438224], [0.0013822552124831736], [0.0013871852909320354], [0.0013916577205910752], [0.0013955146163217836], [0.0013986326176120849], [0.0014009207537753992], [0.0014023172956565864], [0.0014027866744511207]], "form_factor": 1.264760147601476, "reynolds_factor": [[0.9932600767863089], [0.9932546999954462], [0.9932388960439444], [0.993213612934152], [0.9931803307380235], [0.9931409268025565], [0.9930975153138715], [0.993052284295647], [0.9930073508088725], [0.9929646492628821], [0.9929258585333832], [0.9928923661014696], [0.9928652627852967], [0.9928453576141658], [0.9928332022551698], [0.9928291157365327]], "reference_area": 3.300635781677776}, "pylon": {"wetted_area": 7.679371914287962, "skin_friction_coefficient": [[0.002563061149698648], [0.0025642482209528397], [0.0025677360691666565], [0.00257331189755534], [0.002580644304649372], [0.0025893144358267034], [0.0025988527071626904], [0.0026087756640018676], [0.0026186182220139555], [0.002627958026375377], [0.0026364308363861985], [0.002643737545993534], [0.002649644454443804], [0.0026539792220016266], [0.0026566249056531373], [0.002657514121952193]], "compressibility_factor": [[0.9838250985773414], [0.9838105381880833], [0.9837677300420153], [0.9836992118746757], [0.9836089526399929], [0.9835019991642006], [0.9833840526740747], [0.9832610348035513], [0.9831386978728547], [0.9830223200006966], [0.9829165018278245], [0.9828250618277888], [0.982751014453276], [0.9826966039188527], [0.9826633654452769], [0.9826521889476778]], "parasite_drag_coefficient": [[0.0002705858077592795], [0.00027071112846581863], [0.0002710793452859239], [0.0002716679929772427], [0.0002724420850415666], [0.00027335740243392495], [0.0002743643705487428], [0.0002754119504287645], [0.0002764510424966347], [0.0002774370581864071], [0.00027833154411821505], [0.00027910292326435677], [0.000279726523522417], [0.00028018415075507986], [0.00028046345913131733], [0.00028055733489022413]], "form_factor": 1.264760147601476, "reynolds_factor": [[0.9932600767863089], [0.9932546999954462], [0.9932388960439444], [0.993213612934152], [0.9931803307380235], [0.9931409268025565], [0.9930975153138715], [0.993052284295647], [0.9930073508088725], [0.9929646492628821], [0.9929258585333832], [0.9928923661014696], [0.9928652627852967], [0.9928453576141658], [0.9928332022551698], [0.9928291157365327]], "reference_area": 92.0}, "total": [[0.01800480284899876], [0.018012682807601443], [0.018035834469306015], [0.01807284202153436], [0.018121501296203435], [0.01817902785232782], [0.01824230195806381], [0.018308114057718573], [0.018373379026814633], [0.018435297578456314], [0.018491457726619052], [0.01853988056195588], [0.018579021235094254], [0.01860774142533082], [0.01862526924038101], [0.01863116013557777]]}, "compressible": {"main_wing": {"crest_critical": [[0.8362427755342968], [0.836160489720449], [0.8359172911682751], [0.8355240435213164], [0.8349985121263918], [0.8343646899534094], [0.8336517119923365], [0.8328923184869109], [0.8321210742852282], [0.8313724333089181], [0.8306789395403681], [0.8300698150813332], [0.8295698167506456], [0.8291985545626437], [0.8289701421440306], [0.8288930628635577]], "compressibility_drag": [[1.3213910404048013e-08], [1.3321856153460098e-08], [1.3644204190946515e-08], [1.4175988878979561e-08], [1.490737088912933e-08], [1.582168591311055e-08], [1.6893431601233137e-08], [1.8086793947153507e-08], [1.9355254365263627e-08], [2.06426984804092e-08], [2.188613158355907e-08], [2.3019758756087737e-08], [2.3979989934986284e-08], [2.4710653475485387e-08], [2.516777198598089e-08], [2.5323347198746288e-08]], "divergence_mach": [[0.8582858104042177], [0.8582013555682665], [0.8579517463966855], [0.8575481328944417], [0.8570087486959981], [0.856358219216634], [0.8556264474333395], [0.8548470366099654], [0.8540554627105821], [0.8532870878488159], [0.852575313853794], [0.8519501331105275], [0.8514369550179804], [0.8510559065028551], [0.8508214732215745], [0.8507423621611964]], "wing_sweep": 0.4014257279586958, "thickness_to_chord": 0.11949964151458259}, "horizontal_stabilizer": {"crest_critical": 0.9394647313812111, "compressibility_drag": [[4.87579025055884e-10], [4.908544048768043e-10], [5.005950062056945e-10], [5.165349082562039e-10], [5.382037412611033e-10], [5.648979934358628e-10], [5.956612982099809e-10], [6.292863923952664e-10], [6.643470894260619e-10], [6.99261215038592e-10], [7.323788306516574e-10], [7.620846903932241e-10], [7.869012253278521e-10], [8.055808983457803e-10], [8.17180386093121e-10], [8.211131721856976e-10]], "divergence_mach": 0.9714722054458921, "wing_sweep": 0.6021385919380436, "thickness_to_chord": 0.13347470511030118}, "vertical_stabilizer": {"crest_critical": 0.9441159452134248, "compressibility_drag": [[2.74095110575719e-10], [2.7593638255022516e-10], [2.8141211276239024e-10], [2.903728124450713e-10], [3.0255406076239556e-10], [3.175603748685831e-10], [3.3485412827147007e-10], [3.5375665162710055e-10], [3.734662066646999e-10], [3.9309336580946425e-10], [4.1171060741953387e-10], [4.284099125417712e-10], [4.4236065803627504e-10], [4.5286153436248786e-10], [4.5938224734099387e-10], [4.6159308370499064e-10]], "divergence_mach": 0.9766575792093745, "wing_sweep": 0.6108652381980153, "thickness_to_chord": 0.13428520476376016}, "total": [[1.3975584539679616e-08], [1.4088646940887127e-08], [1.4426211309914601e-08], [1.4982896599680837e-08], [1.574812869115283e-08], [1.6704144281414995e-08], [1.7823947027714588e-08], [1.9069836991175874e-08], [2.0393